6.131047789849148621e+19 1.537317311083524653e+21 1.413873815876279730e+21 2.285175267736101847e+21 1.637911933256345059e+21 3.027416830987529617e+21 1.395488123935290819e+21 -6.119936577963672207e+20 -1.567119463167338742e+21 -8.259169126480137421e+20 1.321157814886036406e+21 -9.555817612601226691e+20 -1.035467119332433330e+21 -3.934640770357877801e+21 -7.995704618774513582e+20 -1.772163985622297215e+21 -1.611105908268353192e+21 -2.809344237259030790e+21 -1.714678547934137549e+21 -2.235202179875532177e+21 -2.164004088608495239e+21 -2.490919123266928378e+21
9.149342327308219843e+20 8.315659500764962488e+20 8.076638955067873690e+20 8.151951360284338422e+20 7.403335072220171469e+20 7.239881150873015419e+20 1.560463478127177499e+21 -1.454770626914698238e+22 1.495267474377157902e+21 4.012723011908507009e+21 8.120917431432035697e+20 3.079121809162173940e+21 1.476643256991283151e+21 2.535097544990633492e+21 1.710781572691714114e+21 -4.739505603340355292e+22 -2.136997965528074237e+22 1.546446142244108475e+22 -3.533168684580581933e+22 3.711438290437167016e+22 3.338207888837991360e+22 1.654152716234026018e+22
5.557891641021485875e+19 1.445743599065203212e+21 1.378892179350989832e+21 1.619232532807536083e+21 1.397226405821322363e+21 1.652256320691945341e+21 1.341850420955421344e+21 -2.037910823526672368e+21 8.646256795531238965e+21 -4.330994711436758876e+21 1.052190505833188295e+21 -6.266935403317020328e+21 -2.270174063991780803e+22 5.434893421640797913e+21 -5.816757539878965608e+21 2.671607864522488100e+22 6.889563472811462859e+22 7.167971568132383834e+21 1.438539318439143958e+22 1.145633019515409269e+22 8.064297000427986092e+21 6.760382641260606783e+21
5.112616017936812442e+19 1.435664331088216195e+21 1.374477381502493000e+21 1.599875746801874108e+21 1.395398326919769358e+21 1.624233469351223362e+21 1.341627501251130556e+21 -2.103594758225619583e+21 6.832893952081316020e+21 -4.798933519052366152e+21 1.022348160880432251e+21 -6.962674034057200796e+21 -5.465578392307667409e+22 5.338736825428014531e+21 -7.028018910568963375e+21 2.678799629295331521e+22 6.844641990418901238e+22 7.203576342501187912e+21 1.374473898948776742e+22 1.151530897979952910e+22 7.913939032921366069e+21 6.701375048633141953e+21
1.013187892859035451e+21 7.554736855157741978e+20 7.445113757976778506e+20 7.498073051763899105e+20 6.726795516199927808e+20 6.459658086956555305e+20 1.575128498147655680e+21 -2.773312477577001461e+22 1.446336065582012301e+21 3.319272564743486308e+21 9.010546033864291123e+20 2.661715218596813079e+21 1.195757822743845536e+21 2.731807979258991084e+21 1.278334795640356471e+21 -3.734732240524672185e+22 -1.877108558695351557e+22 1.737286155657724035e+22 -3.036268038851810401e+22 4.585285704708919185e+22 4.129992357333807661e+22 1.868310183523016874e+22
1.055501324419088515e+21 7.314242986054250660e+20 7.239921159293320561e+20 7.273722473021045473e+20 6.551575553240842895e+20 6.175835202328892539e+20 1.582219592277926871e+21 -1.233799767099772921e+23 1.373245577745736663e+21 2.935598824165476925e+21 9.116651011338336993e+20 2.431199760100999823e+21 1.072573430158859829e+21 2.740516160806607913e+21 1.128425342213479858e+21 -4.128942703297127095e+22 -1.967188298671315957e+22 1.683689220632697058e+22 -3.385790912313355456e+22 4.126864616598913260e+22 3.714887617596285675e+22 1.795209562896294792e+22
5.748882863107153920e+19 1.414174570363132051e+21 1.358111349698876670e+21 1.539594060878376862e+21 1.382861903883616649e+21 1.547643954734759936e+21 1.373241568563687326e+21 -2.281104148302571504e+21 4.422659627242918773e+21 -6.956233954003576160e+21 9.483863739092141343e+20 -9.842085802317382156e+21 2.797344025664944289e+22 5.414471898639380775e+21 -1.333133744259888002e+22 3.129952284900209983e+22 1.080032644662516777e+23 7.550662201824378880e+21 1.360538069968280040e+22 1.229879400492858501e+22 8.025314546397513515e+21 6.899404200128288915e+21
-4.153946282998473163e+22 1.581511835641674203e+21 1.455993258554542260e+21 1.712204438167876272e+21 1.819498167859879346e+21 1.796121958437853856e+21 2.972024108375187915e+21 -6.556270744413904306e+21 1.638905038066964759e+21 6.837528570463924519e+21 6.450678529012371292e+20 5.594653193310627168e+21 -4.762260675589369653e+22 6.248076926194339021e+20 -6.255131502431956894e+21 -2.515988939065167708e+21 -2.303919246952934932e+21 -3.650857011918598046e+21 -2.421821599365437325e+21 -3.082279426285758841e+21 -2.898847807105312752e+21 -3.212656623668470219e+21
1.111985109146841645e+21 7.967283664243893207e+20 7.727992291395119350e+20 8.130261919468566610e+20 7.640127499327720653e+20 7.122115637026378220e+20 1.709096520576188285e+21 -2.571781955790783382e+21 1.553873111539368854e+21 1.165947627212258882e+22 7.903302914273412383e+20 6.274087938678595781e+21 1.744056342583846371e+21 4.426416343873516732e+21 2.255686004686516650e+21 -3.295959970536120386e+21 -2.907977473177122505e+21 -5.793228578982494994e+21 -3.201391379533279527e+21 -4.428537467617736655e+21 -4.263723596688537420e+21 -5.089227992221686432e+21
-7.774280899851712463e+21 1.701350453924748853e+21 1.541839487824538894e+21 1.873661483684549624e+21 1.974181784746760339e+21 2.016899330267652817e+21 3.079742436710165250e+21 -3.009757714626580578e+21 2.144546220813285065e+21 1.067318149841103366e+23 6.890244045249038254e+20 4.694961480183956531e+22 -5.742539427069500064e+21 8.141826656617859645e+20 -3.263950596929398243e+21 -2.049367498780708176e+21 -1.888957462018834039e+21 -2.868685281453231571e+21 -1.989398920237802324e+21 -2.468354667886548615e+21 -2.330678944036122264e+21 -2.542954140898760851e+21
2.648372711313456518e+23 1.700627864241238442e+21 1.553260923002957857e+21 1.798013891328590479e+21 1.914190590631781073e+21 1.892875381951669469e+21 2.962961708391223263e+21 -9.450333152340453884e+21 1.712716849647932146e+21 5.524996132650454352e+21 6.788313463471228846e+20 5.671566040189133390e+21 -3.427607635699979570e+22 8.141557645593032786e+20 -7.279327342963112018e+21 -2.881792473259778245e+21 -2.623547428919672046e+21 -4.334036359763658277e+21 -2.841872664170813981e+21 -3.585843276057026757e+21 -3.429388719526712443e+21 -3.800050351596698599e+21
1.035774541975645979e+21 8.099710391096514970e+20 7.849248769122238464e+20 8.410219819238016942e+20 8.059555730253643776e+20 7.383935005738834330e+20 1.729376065482025337e+21 -2.885324308189837525e+21 1.305864740110143586e+21 6.201439098905503465e+21 7.387170394832966779e+20 4.706256590269932634e+21 1.736355155433995370e+21 5.166837414411607474e+21 2.367373248037922013e+21 -3.066598126476383486e+21 -2.718238594352816849e+21 -5.222092257892903158e+21 -3.062296886733206192e+21 -4.063237762097865032e+21 -3.998785662208446038e+21 -4.656825747900734636e+21
6.185452992408273814e+21 8.106569264860500787e+19 8.921796763683205939e+19 7.227866621519501722e+19 8.383434732652195021e+19 1.194750901631903662e+20 2.226614870686880498e+21 3.885015550238599938e+21 1.505167040840591213e+21 1.680290535358488117e+21 1.317588268644979704e+21 1.250469992061767516e+21 6.505690295049158656e+20 2.577111161174356918e+21 5.040824058556292792e+20 -5.438864808363337712e+21 -4.648088899356568584e+21 -1.067580510184172998e+22 -4.940197788709815321e+21 -7.905301389090037432e+21 -6.794405493768511816e+21 -8.310445316043833344e+21
-4.934601263535175500e+21 7.095912161607419167e+20 6.416840540056563220e+20 7.086194775984029041e+20 8.530228923188117504e+20 7.583677282445433242e+20 2.754000071687100432e+21 3.865746196962890220e+20 8.219408738924121293e+20 4.567818769569384366e+20 1.095536171917140951e+21 3.250842894234750157e+20 1.701246255151714664e+21 6.331842599485213245e+20 2.493343704512440828e+21 -2.099597005821166486e+21 -1.925487240908250022e+21 -2.907565750516919566e+21 -2.016262573107001426e+21 -2.541786005629155410e+21 -2.367706469634602959e+21 -2.577358323616688636e+21
1.558656810896022359e+22 1.487617695765635793e+21 1.356576813147017970e+21 1.489467277355187700e+21 1.648879007573264564e+21 1.546093721876525482e+21 2.788101754298636960e+21 3.026419926600992162e+21 9.712267501327980954e+20 1.719501665132635750e+21 5.517783622479337882e+20 1.948609332840359002e+21 9.641045032059472445e+21 5.842248723484818145e+20 2.378940526648476219e+23 -3.138102844658041225e+21 -2.840211845874710479e+21 -4.849957075308648595e+21 -3.196305069478892274e+21 -3.959849263078056133e+21 -3.896450959127152689e+21 -4.308063963801330909e+21
8.040558684268071485e+21 1.357295497771165680e+21 1.243255013119598789e+21 1.346787642355596919e+21 1.498984741224508817e+21 1.386383396140278350e+21 2.656488344397733167e+21 1.588020607617333723e+21 7.217262818815998689e+20 1.172916707182593049e+21 4.816393848204684820e+20 1.326689931721939878e+21 5.292499191898342162e+21 4.960112040116789576e+20 1.202236354505824063e+22 -3.427606214607093367e+21 -3.083412642155927699e+21 -5.480886125121494843e+21 -3.542776972667118944e+21 -4.392256765982584340e+21 -4.384937805907831554e+21 -4.880652947750657196e+21
8.462158853426074092e+20 1.064118049818172719e+21 1.071726253315341681e+21 1.165841722258357092e+21 1.095000344409250726e+21 1.033351928890123747e+21 1.135541931280933061e+21 -3.731735388664112349e+21 2.109173712076105056e+21 8.185197959517939171e+21 1.167110394260683358e+21 9.389041396325014307e+21 1.736818052328527757e+21 2.471977519639996190e+22 2.070952199179799626e+21 7.037900683143356088e+21 8.600732206918051824e+21 4.768899543647449514e+21 5.641495295650308293e+21 5.536739506062701363e+21 4.357715830936965743e+21 3.951753162715271004e+21
1.414825836714510778e+21 6.332278579675171389e+20 6.187633735646233231e+20 6.557938987008866386e+20 6.740675672773774541e+20 5.664353554873184420e+20 1.903675767832767889e+21 9.057104481539170763e+21 8.750093245438074552e+20 1.688423863048711700e+21 7.520465461361960550e+20 1.375323349593976472e+21 9.558911505426755092e+20 2.973401238907309261e+21 1.169969474777982829e+21 -3.245548834568182170e+21 -2.879686089808889774e+21 -5.362222242552972575e+21 -3.350133472374938927e+21 -4.271630002395782578e+21 -4.282270227904026640e+21 -4.849454353715848806e+21
1.011449293871776662e+21 6.053779823422633411e+20 6.035154792090548306e+20 6.338765186281528361e+20 6.394895698982016123e+20 5.291332306765639844e+20 1.783469471123984089e+21 2.854919525207005200e+21 8.531381816128489390e+20 1.357519265040081093e+21 8.011576950103117660e+20 1.155187555495296238e+21 7.061083741192244429e+20 2.197603362146231779e+21 8.094663775426714010e+20 -1.247000792134455394e+22 -9.218270891486603117e+21 1.916904462262608782e+23 -1.607925140506292938e+22 -3.430594301616212830e+22 -6.713824739452598511e+22 2.093799539801405847e+23
1.026602368233467019e+21 6.093792645485089260e+20 6.015739068891320812e+20 6.371430615481495060e+20 6.583170708864241500e+20 5.471936810905917850e+20 1.845313239747518792e+21 2.127197428157602333e+21 7.451386401595618755e+20 1.171763359885426033e+21 7.401386243765192622e+20 9.873836144493620101e+20 7.483370648009159475e+20 1.869753014026174464e+21 8.870460773045134950e+20 -1.004808584406701703e+22 -7.813197184985559204e+21 -8.303365819532105377e+22 -1.277654095149214466e+22 -2.105768643697789895e+22 -3.165566688196358360e+22 -7.333159830873260740e+22
5.348664136796848783e+21 1.408306732635396669e+20 1.777861964607090852e+20 1.915143994723000320e+20 1.648260446613684224e+20 8.053200443754712269e+19 2.119713630546783109e+21 5.115938081100093456e+21 1.432549340327552745e+21 1.798900002807468786e+21 1.266255426835512033e+21 1.388683541876910850e+21 4.710258145886865981e+20 3.103038609073831412e+21 3.896645831192516362e+20 -4.876879021482125033e+21 -4.187776968231696728e+21 -9.025336367236935320e+21 -4.797460027900308750e+21 -6.938403423297446347e+21 -6.435634784991278268e+21 -7.506887595843047653e+21
1.140084834154912940e+21 5.646494283090011095e+20 5.587584972393093530e+20 5.971103416141070991e+20 6.181599004348798730e+20 4.991856971588663378e+20 1.850333632799295668e+21 1.894182915463643660e+21 7.266866061794025144e+20 1.088843683594368188e+21 7.706522933608322171e+20 9.031389481552035185e+20 6.430164595659179295e+20 1.798211080770956034e+21 7.696335481743822029e+20 -1.012597779721537297e+22 -7.852733582588805906e+21 -8.098081685175622907e+22 -1.272162510003774056e+22 -2.130679463498849504e+22 -3.130833200678557241e+22 -7.099889690607194892e+22
3.807462297603807642e+20 8.967054198488052531e+20 8.931960556847262597e+20 9.418566234340530586e+20 9.594301589977010012e+20 8.361964611163336212e+20 1.515986419191560536e+21 8.042414327344375267e+21 1.015288592449401913e+21 1.997003044081841471e+21 7.555485619947207393e+20 1.859923551798123823e+21 1.173849374836212105e+21 3.555204570978121155e+21 1.410592219974890422e+21 6.781864485982953905e+22 -1.026997676273704276e+23 1.047950388833594586e+22 1.641974303949561266e+22 1.684798225771914487e+22 9.705238664177730454e+21 8.600192003304864088e+21
9.980218861104799416e+20 5.794840580100797235e+20 5.771555846659619553e+20 6.220891283340962038e+20 6.474494836103830569e+20 5.387775477638596526e+20 1.856113433425901781e+21 1.958094081507557900e+21 7.505479812434536694e+20 1.145006883821011599e+21 7.595910698077162045e+20 9.565919406262218916e+20 7.303028478421216788e+20 1.899868064597495513e+21 8.759968474714514391e+20 -1.011087810135665829e+22 -7.862457177884453765e+21 -8.103619711408096779e+22 -1.358944433463819554e+22 -2.116927506538029698e+22 -3.505683674329136497e+22 -7.625696315394004668e+22
-9.712212513670347882e+21 1.656837891152110944e+21 1.502041990557362553e+21 1.590062719503162933e+21 1.933680119086695842e+21 1.707177027273452421e+21 3.003632659641088868e+21 2.427498370154536370e+21 1.153043184633422414e+21 1.645478189907029787e+21 7.030185851858265047e+20 2.042663661201308254e+21 5.444962822588075082e+22 9.791990423561396552e+20 -2.240138268448366422e+22 -2.612081296904153989e+21 -2.399106226899432505e+21 -3.759531273278441128e+21 -2.781760524488554316e+21 -3.188365236355556442e+21 -3.242280923117865402e+21 -3.406163041398433513e+21
-9.727833264865073431e+21 1.545320761877082145e+21 1.403118292336355049e+21 1.477511457694134043e+21 1.816145516943302984e+21 1.585091999948085395e+21 2.904975804870981321e+21 1.619826864546292433e+21 9.425486415960295342e+20 1.291833532446127161e+21 6.154358340465062052e+20 1.620702040598181839e+21 3.732679752210458870e+22 8.585447945282867692e+20 -2.427896444287125658e+22 -2.400770766963158811e+21 -2.209376818954197795e+21 -3.414700355259477262e+21 -2.569146737099206558e+21 -2.913377810525386703e+21 -2.976581672965394399e+21 -3.113957144014386889e+21
-5.521691558531441885e+21 1.786425833427349537e+21 1.606581967298569437e+21 1.646177867497417212e+21 2.116406218344092926e+21 1.788269232734219796e+21 3.143776080276336673e+21 3.435267793801276031e+21 1.326824019956450460e+21 1.964376801136353477e+21 7.622567208021053932e+20 2.552108519382804595e+21 -3.759278719716882278e+22 1.337165842541872153e+21 -1.276459646031148928e+22 -2.300247575816017805e+21 -2.124508340185702859e+21 -3.217279598734334755e+21 -2.462501400760079614e+21 -2.769649618615521509e+21 -2.826812199756230558e+21 -2.933715369461242921e+21
-2.715133361680787335e+22 1.532414669550126891e+21 1.404525122760230306e+21 1.460406290295274602e+21 1.788722694558257250e+21 1.571264874553912066e+21 2.863052539268206428e+21 1.286724652352626229e+21 9.394663368977599693e+20 1.155157381580689113e+21 6.621402744957920870e+20 1.441929339677450961e+21 1.101450622583575675e+22 8.963980084239218770e+20 3.130175566116758644e+22 -3.027087302115294970e+21 -2.764462380263015449e+21 -4.513198983317703623e+21 -3.351371733903034810e+21 -3.757098530260823572e+21 -3.959226918736586867e+21 -4.122157125693156098e+21
-8.453422831041810268e+21 1.755855508190072144e+21 1.591750952552779743e+21 1.625025007460119478e+21 2.069160784422465962e+21 1.761263887196975530e+21 3.006202601871791096e+21 2.147095140778305651e+21 1.193017888773917114e+21 1.558671314603806556e+21 7.550313082573064765e+20 2.018653245072175530e+21 3.997713722567281135e+22 1.376738035930702807e+21 -4.489238296814380961e+22 -2.795187376209386275e+21 -2.566756658132260225e+21 -4.068805015044224451e+21 -3.091887263723110269e+21 -3.428969417070710620e+21 -3.610780853492077036e+21 -3.719432585886597382e+21
8.693808413418508780e+20 5.329788057322384916e+20 5.361090108879863808e+20 6.147647823408182067e+20 6.562151847417050563e+20 5.379658748770981642e+20 1.841681613247206654e+21 1.447370227923500925e+21 6.869440866776300913e+20 9.850442835732416430e+20 7.635633093568059146e+20 8.132198707624644444e+20 6.652878640625798349e+20 1.764829747062705226e+21 8.461641306645421097e+20 -1.108824038314531724e+22 -8.492106129056450216e+21 -1.229264689932183368e+23 -1.933585096791317021e+22 -2.459935276207291813e+22 -1.023199638271636904e+23 -6.683375462864751994e+23
1.029992917071703048e+21 4.564591098561896120e+20 4.632106810862494024e+20 5.476721359364776919e+20 5.822020614709365965e+20 4.704317481738586030e+20 1.883309542982637060e+21 1.490417646335841534e+21 7.460636224944085402e+20 1.012331917016338268e+21 8.284578959992056709e+20 8.232758621917798728e+20 5.883694856977376215e+20 1.753683407198260036e+21 7.480816482783361761e+20 -9.657864183118114587e+21 -7.580728296511866143e+21 -4.727390735886209516e+22 -1.478763246029866271e+22 -1.884783707915185816e+22 -3.944345048118969185e+22 -5.892950853750132362e+22
9.109552846625228718e+20 4.899570834851948134e+20 4.944982528102315459e+20 5.843595284845612892e+20 6.276908429393441587e+20 5.208199101745017651e+20 1.896144097796902355e+21 1.308863540041610166e+21 6.859871528278923674e+20 9.441083589574885376e+20 7.739987927034186957e+20 7.751810061415265075e+20 6.752574513811315753e+20 1.602856098069199978e+21 8.594347059898942751e+20 -9.024056562708239090e+21 -7.211233717319568982e+21 -3.550905498357514161e+22 -1.432083938012213281e+22 -1.648307709909947489e+22 -3.524172443517622996e+22 -4.553763333368796781e+22
8.167769258068230799e+20 5.098585114470630687e+20 5.160479948256064307e+20 6.069118093133797130e+20 6.551464302906174341e+20 5.557210389098250240e+20 1.912306311889203233e+21 1.262597980241291117e+21 6.728464669741560627e+20 9.397499284028146319e+20 7.467033162841485476e+20 7.834556863741984768e+20 7.501873978217026028e+20 1.584374058621309551e+21 9.481608046478652867e+20 -8.589565597220333421e+21 -6.947915918745215697e+21 -3.013055506442572372e+22 -1.395746354582566574e+22 -1.507992654295534141e+22 -3.243824907930885004e+22 -3.822406056757647586e+22
4.439204784442861158e+19 1.047702140179063112e+21 1.038697075445520663e+21 1.078938764997543854e+21 1.246647690839903437e+21 1.048298290124160893e+21 1.623739633759126290e+21 2.942927621800647459e+21 8.439787381718988882e+20 1.572479854285504381e+21 5.780111419050865459e+20 1.543767149923644998e+21 1.732931273212862923e+21 5.895212201731429499e+21 2.133567789385494561e+21 -4.042534407283515851e+22 -2.204303438810707080e+22 1.733407144097998701e+22 1.594556961206005924e+22 5.498992075963724359e+22 1.046499782203070952e+22 1.102323843637234473e+22
4.190540449296313221e+20 6.479911944896648315e+20 6.575164354492082422e+20 7.394589401841551278e+20 8.149325357120705004e+20 6.701906050156973261e+20 1.706524285536256918e+21 1.724666276066354004e+21 7.286456564248922030e+20 1.128368576555667948e+21 7.319285085434873119e+20 9.838859248912446259e+20 7.794880917334365307e+20 2.548737673926236176e+21 9.929672586205535928e+20 -2.180203763057785255e+22 -1.408097130167837445e+22 3.320587479439607490e+22 7.472986083547729101e+22 -6.810566996729764208e+23 1.934215253691986241e+22 1.895962926186118513e+22
4.265289495138714911e+20 6.237430199993411830e+20 6.351181225585216061e+20 7.212416582197170668e+20 7.951591487348110787e+20 6.556007747583251579e+20 1.726016499083724194e+21 1.647782309128284668e+21 7.252051626770852741e+20 1.105203693203974914e+21 7.374163576360743731e+20 9.617648889169836769e+20 7.642596451238403113e+20 2.449659575784310309e+21 9.779123091789443236e+20 -1.941753101602539962e+22 -1.300271018118715382e+22 4.126380781764214155e+22 1.182113683923481563e+23 -1.422002098454199712e+23 2.144928939493499601e+22 2.125754580974254319e+22
1.183991117079899800e+21 4.336858398995379651e+20 4.446669225919270748e+20 5.545121151416073585e+20 6.117867127663962358e+20 5.247079883769321882e+20 2.096995215736201282e+21 1.790881596849410277e+21 7.766019464968443003e+20 1.105171678069917483e+21 8.045274119469297828e+20 9.159903252730643743e+20 8.772209516405061059e+20 2.407933074825588244e+21 1.156353706469519393e+21 -2.454391053712193225e+21 -2.234755959264112804e+21 -3.506640462318418264e+21 -2.832997492478883398e+21 -3.020179968641043792e+21 -3.380174601418333225e+21 -3.391781410658757116e+21
8.325884933470059233e+21 1.263567353038983922e+21 1.177571428329568993e+21 1.226638498261379056e+21 1.485842572800553648e+21 1.299638382060702794e+21 2.707139426257530257e+21 4.533578730141395845e+20 6.337459363365624218e+20 6.052029251975325942e+20 5.726237978771864289e+20 8.068931070816018760e+20 4.040209747828154565e+21 9.111228151903699599e+20 4.932783161454465384e+21 -3.200084541528871535e+21 -2.932295621888257819e+21 -4.767086825316610474e+21 -3.988761875322113098e+21 -3.948514560548591895e+21 -4.747881921291075191e+21 -4.640437923740369027e+21
2.147008697264918390e+22 1.432756615871920865e+21 1.328911937928229028e+21 1.345820905515239866e+21 1.673906721834845078e+21 1.424772008682257121e+21 2.810905526924215845e+21 6.392713904318826414e+20 7.401054379101244621e+20 7.361083413464310088e+20 5.969803326545739121e+20 9.999787933414639534e+20 5.320580298148172268e+21 1.355520443774402560e+21 6.432111669231003632e+21 -3.007100741247474598e+21 -2.767110944470994518e+21 -4.423521543305176809e+21 -3.753590882182306464e+21 -3.678677849685267841e+21 -4.409590170809776210e+21 -4.285806664944632463e+21
-1.995590566123388273e+21 1.950263880070775439e+21 1.721146821377950220e+21 1.562739220779908989e+21 2.386767529614171963e+21 1.715544724052701086e+21 3.707147470316166447e+21 2.563845421802538926e+21 1.355573638388854555e+21 1.630270380443626897e+21 8.063353956819262505e+20 2.543022405075940671e+21 -1.123979255370839438e+22 2.179821313767721339e+23 -1.065990156127000383e+22 -1.398219152203516740e+21 -1.316123505843620545e+21 -1.800322644626441241e+21 -1.558382436092294726e+21 -1.612444279076436836e+21 -1.717960241075721077e+21 -1.693197159412491092e+21
-7.711655297318716703e+20 1.417772640166542049e+20 1.884446898325401764e+20 5.126055788946730189e+19 9.317313168179465421e+19 1.919166640598884680e+20 3.455712430081799356e+21 -1.173401912665197511e+21 5.403875252509541925e+21 -9.062674879424662340e+21 1.572122138299539390e+21 -8.557048019617378730e+21 2.000627431728486023e+21 -9.413228256557751337e+20 1.972500558239486968e+21 -7.148510111197566075e+20 -6.748087838906469581e+20 -8.741705234602113106e+20 -7.442361496261963284e+20 -8.118981011489100923e+20 -8.116656863955373261e+20 -8.074991480171040604e+20
-7.804363439929322373e+20 9.153769859699041894e+20 7.889073398633788867e+20 8.813249428036532306e+20 1.225342971223953375e+21 9.082210326080155812e+20 3.365625754566376554e+21 8.979192909825028915e+20 6.926588510348695306e+20 3.690765589513422111e+20 8.340672396114931220e+20 2.937220721182446060e+20 -5.052440695511047995e+21 8.795774672256252314e+19 -3.759384365330556518e+21 -6.758096485043887145e+20 -6.387596850817706230e+20 -8.297483124040998584e+20 -7.248151127498025861e+20 -7.647183606733587087e+20 -7.889450584353823785e+20 -7.805896943105188823e+20
-7.107442159660627395e+20 9.206251406607205007e+20 7.979768488585908716e+20 8.879286363574598369e+20 1.258543241657582617e+21 9.113168263053218939e+20 3.357156987108105650e+21 1.040229435311904522e+21 7.100734909953083965e+20 3.849110279726629519e+20 8.342797574184595620e+20 3.081346863021661880e+20 -3.847727460027964326e+21 9.999931267530244096e+19 -3.051552512245787263e+21 -6.369376290376752824e+20 -6.023958096738220769e+20 -7.800643654268421407e+20 -6.850128460909771489e+20 -7.202016543068264858e+20 -7.445904727045793382e+20 -7.349922332719760015e+20
-5.022751450634330440e+20 8.699433554506847027e+19 8.401165084930603418e+19 1.557409896801765949e+20 1.146154881050971341e+20 2.268899759040508723e+20 4.261189176971709383e+21 -8.284740430134719283e+20 9.326553371482696712e+21 -3.890203102389319762e+21 1.541920308413883744e+21 -3.315243879722552656e+21 1.190041630107843638e+22 -6.464472021329011016e+20 4.332864174420336941e+22 -5.048730809565899653e+20 -4.788818193869770588e+20 -6.083105190258620498e+20 -5.288713831783325368e+20 -5.683629337397627453e+20 -5.712622312888469422e+20 -5.647666940714184212e+20
-4.052489043335421624e+20 2.831624477696683147e+21 2.165817299794603803e+21 1.427599361534015570e+21 6.644223637204334805e+21 1.661790649631018058e+21 1.973194966170541543e+22 -1.457785128681011151e+21 3.332759457141161460e+21 -1.329894084866679924e+23 8.147729000554426532e+20 -2.504030135742459019e+21 -1.051415428306507399e+21 -5.657069127624013251e+20 -1.117412535687925072e+21 -4.024351292638752932e+20 -3.836157102846721393e+20 -4.836940678120796324e+20 -4.304141328743632077e+20 -4.494834669229534740e+20 -4.604351130162672435e+20 -4.533894767243418010e+20
-3.598003684338371789e+20 3.232960768126829462e+21 2.368674069500786115e+21 1.432586415597809304e+21 1.201912589730483850e+22 1.666923675780394254e+21 1.715554517102642518e+24 -1.174848844361886859e+21 4.172982353693156835e+21 -9.449274862231558816e+21 8.144636673413109514e+20 -1.946029945825918714e+21 -9.616237285033352888e+20 -4.946134924134957056e+20 -1.032171499480717328e+21 -3.580824647837038674e+20 -3.416865293180880814e+20 -4.285661189593953075e+20 -3.831911001791699354e+20 -3.990061892580597432e+20 -4.089654439082222551e+20 -4.023385243490960671e+20
-3.169728360098640036e+20 3.794997241383149896e+21 2.627311362287879062e+21 1.444307592068700045e+21 2.231136927294524962e+23 1.682974417020079047e+21 -2.010815750970285438e+22 -9.798724536768200704e+20 5.429571547171005661e+21 -4.840893380630609396e+21 8.130971314374786417e+20 -1.567401488137157607e+21 -8.775186878549516616e+20 -4.294532535516849766e+20 -9.475174736488799928e+20 -3.185298324545630372e+20 -3.042363139571909263e+20 -3.793757938456346624e+20 -3.409555278550615982e+20 -3.540970568069026939e+20 -3.633790335304482816e+20 -3.566911833886879908e+20
-2.812400056003121316e+20 4.640790081189891801e+21 3.008164653574284378e+21 1.459376445604315791e+21 -1.595597508545793439e+22 1.693582155973979537e+21 -9.264028293043553567e+21 -7.713869411087582495e+20 1.409144442398920881e+22 -2.700434362677305803e+21 8.271559709884109292e+20 -1.213837102534154256e+21 -7.553965803846170051e+20 -3.621738298712206868e+20 -8.217955724415040225e+20 -2.835943137417388360e+20 -2.709231443583123784e+20 -3.370478221610273341e+20 -3.035537507709212426e+20 -3.147848027437353533e+20 -3.231002844961275249e+20 -3.165950502172292547e+20
-2.330317545388866601e+20 1.739895913629602965e+22 5.114119680298080797e+21 1.560846387048236974e+21 -3.810152373002685645e+21 1.851932208205736182e+21 -4.159097961040892658e+21 -5.322277426641494344e+20 -6.512628995355037401e+21 -1.405395639724124930e+21 8.818190246633036841e+20 -8.659490775036512174e+20 -6.523006413446842941e+20 -3.037616507980299633e+20 -7.230400299416998380e+20 -2.364874718079855165e+20 -2.261045438287631811e+20 -2.795197709775152742e+20 -2.529317127485451796e+20 -2.616337823135549030e+20 -2.685842879903657492e+20 -2.627523588548005069e+20
-3.402374309344369443e+21 8.177883393490316165e+20 7.857190672526245888e+20 5.725892445545569321e+20 6.484831909037894533e+20 6.012366076787371540e+20 2.997099009636644159e+21 -2.385738876679050651e+22 2.868073176837682889e+21 3.905073201471511069e+21 2.139407678552910332e+21 3.875690592901434704e+21 1.813751066676500103e+21 -6.284453430679124836e+21 1.554322651781915214e+21 -2.949162944013023576e+21 -2.666806522940445688e+21 -4.060516527116424577e+21 -3.194485981249636139e+21 -3.631416126054806847e+21 -3.695814362264994578e+21 -3.572728486658312241e+21
-3.682465616210508644e+21 7.925561080285277716e+20 7.569766043711887114e+20 5.535023095515878523e+20 6.186541315782706463e+20 5.771673370381609206e+20 2.984070756620111970e+21 -4.132897525006527260e+22 2.739985101431674765e+21 3.672251697152806355e+21 2.095002375831828038e+21 3.620456748299663704e+21 1.772166821699470230e+21 -8.381205024860428829e+21 1.539167312334357004e+21 -2.982059664679663829e+21 -2.691170632881084039e+21 -4.118442733934964900e+21 -3.254057803604171948e+21 -3.677271388216408146e+21 -3.768323727968807420e+21 -3.625955995368376238e+21
4.271249090124273680e+21 2.174209925743539978e+20 2.170037619378435523e+20 1.326234110913871217e+20 2.429603070243107635e+20 8.234065750790320947e+19 2.312842279337924231e+21 6.917966616255454511e+21 1.558742219669858943e+21 2.087607547266825191e+21 1.367798585194042884e+21 1.931287184141346144e+21 6.588452010634204938e+20 3.393482434327946985e+21 7.202450710558280253e+20 -3.078310384848645128e+21 -2.728788087740375237e+21 -4.454120687847900971e+21 -3.639069184650574299e+21 -3.889241170712597627e+21 -4.383238453705402483e+21 -4.130212297236115096e+21
-3.666256967110569230e+21 8.212102994337014743e+20 7.907944547382376530e+20 5.668962181033578988e+20 6.481810939698156667e+20 5.855344767028316078e+20 3.016176783125930574e+21 -3.654713769014156119e+22 2.772317631191237263e+21 3.835894863346547556e+21 2.140594953866475995e+21 3.801483405311694340e+21 1.786697960857578766e+21 -6.713426479789283213e+21 1.540134919229003268e+21 -2.926971775763702874e+21 -2.641197198176414073e+21 -4.022119502847774556e+21 -3.205424399222211346e+21 -3.603561225188134617e+21 -3.690701005380659446e+21 -3.525794983949040615e+21
6.191334180799204557e+20 1.891005794629561549e+20 2.262040283928732959e+20 3.999469795205117379e+20 4.085492094522214318e+20 4.097759388711766589e+20 2.094422412265523511e+21 1.562137670361346736e+21 9.234719917642705797e+20 1.147713153484974457e+21 9.432519971302426542e+20 1.064851145325402391e+21 8.093332080402510643e+20 9.009320710216048968e+20 9.953703239316618609e+20 -7.384723732768480035e+21 -5.982067275863384130e+21 -1.624573034605594018e+22 -1.508409813302601004e+22 -1.136007437365963181e+22 -3.069485473740131140e+22 -2.028554419340087342e+22
5.576650657914857718e+20 1.946484353089712947e+20 2.340792730554419118e+20 4.192545115716382228e+20 4.139377935841308836e+20 4.379500585629837558e+20 2.111213677472953663e+21 1.468837197381538677e+21 8.987435446796578980e+20 1.108192368749711327e+21 9.212135066259330171e+20 1.041613432267209310e+21 8.928692196489599386e+20 8.428545793893497569e+20 1.089064936625706762e+21 -7.633358874830962688e+21 -6.157588780200582185e+21 -1.740050524443518383e+22 -1.691664626090097666e+22 -1.189143401941623112e+22 -3.690365892294633692e+22 -2.217531769259740994e+22
8.613151191163566817e+20 9.641193808789222195e+20 9.560188284575802982e+20 1.156619010311076315e+21 1.296446657151562416e+21 1.120427457620571455e+21 1.850178271484414001e+21 2.489266905071715942e+20 1.529931121778723389e+20 3.900527447038474977e+20 1.731989182258071798e+20 4.752859434468318249e+20 2.069242146054877479e+21 2.136725172696522424e+21 2.440787849642694935e+21 -5.051630678780181637e+22 -2.958665307737759207e+22 2.339943996260285730e+22 6.921981487373799653e+21 2.295936742843971587e+23 6.556910631951525741e+21 8.781557387541385052e+21
6.578891440672427213e+20 3.595424413649039524e+20 3.421286081506626109e+20 5.004735242340436541e+20 5.763986363335943127e+20 4.501479162751943967e+20 1.756845203414405349e+21 1.627866856906879664e+21 8.619885434327599677e+20 1.127389107724233605e+21 9.238093874301404447e+20 9.941653609787120681e+20 5.529224489743564145e+20 8.064224077911657021e+20 7.529121858433135411e+20 2.022285949744322498e+23 -3.449782091367173639e+22 1.656400114372346013e+22 1.304726437884634700e+22 2.270125993995385438e+22 9.211470295802595770e+21 1.064094667637105728e+22
1.856758983517306225e+20 3.832933473094865388e+20 4.341610237405439590e+20 6.005688918005391032e+20 6.503811228164666163e+20 6.200739796454700483e+20 2.313247061375397396e+21 2.213316407138745319e+21 8.714904555117708575e+20 1.353774598900003897e+21 8.149633886431821169e+20 1.423157391045091131e+21 1.550808383125840724e+21 1.922857109705223202e+22 2.046136679375377531e+21 -1.568135160044096586e+21 -1.447985346363212169e+21 -2.010243354038423257e+21 -1.918486951530754998e+21 -1.833396272343401103e+21 -2.121800538841257869e+21 -1.957007364475113177e+21
4.400758374696986870e+20 2.301275611612895969e+20 2.805312384332080087e+20 4.723402068651481498e+20 4.571191114711452221e+20 5.051956256616705556e+20 2.286872774767418540e+21 1.976343869881076417e+21 9.315591348636509798e+20 1.257382994633197879e+21 9.181428061351820657e+20 1.274608809245924393e+21 1.325795388612555571e+21 1.627636862190235681e+21 1.663138069779822936e+21 -2.174508154045810082e+21 -1.974272246288939483e+21 -2.889533099232630145e+21 -2.753516034087809188e+21 -2.607857726541272187e+21 -3.112586798736917660e+21 -2.827372905614047445e+21
3.886710641237700116e+20 2.222766027871883100e+20 2.728886643943798211e+20 4.659267051129394299e+20 4.408926363437063864e+20 5.022403555958597222e+20 2.203838409834032267e+21 1.629759645466985497e+21 9.047674249654016410e+20 1.163472552727930601e+21 9.170624883593950003e+20 1.170601985887169151e+21 1.248758231465445818e+21 1.285436601740168004e+21 1.547624861579748049e+21 -3.243130741491571884e+21 -2.871610954915222389e+21 -4.608141079496257700e+21 -4.524395687116274139e+21 -4.061233861079784751e+21 -5.351112159301466063e+21 -4.653186821878337503e+21
2.780507021448621916e+20 2.726251563151988163e+20 3.277433614549107343e+20 5.097917535945119498e+20 4.966725478830311342e+20 5.469811587538799821e+20 2.273526632692460814e+21 1.790877829874960826e+21 9.092462113479874314e+20 1.233638883599481831e+21 9.015336465273045647e+20 1.280243460464020292e+21 1.438567717358527578e+21 2.437259480504048550e+21 1.818702192633825985e+21 -2.318810749976158929e+21 -2.100570891891303514e+21 -3.080860691409958601e+21 -3.002195119790086423e+21 -2.790745690051954868e+21 -3.380304524869456888e+21 -3.037726364585407545e+21
3.418396724294231245e+19 4.755762576999645839e+20 5.155155932137998254e+20 7.033940395069328589e+20 7.206463329923741778e+20 7.231154379883519672e+20 1.960829374537300967e+21 9.558342644036978606e+20 6.726114376367543419e+20 9.216142359189520384e+20 6.710865567907437609e+20 9.628451931969003192e+20 1.254886823064400298e+21 1.671256706939751760e+21 1.553455364277586625e+21 -2.524113643001101471e+22 -1.528473257609027125e+22 6.592625092168255537e+22 1.575597648848502129e+22 -2.185476812157149176e+23 1.234824840674355760e+22 1.845724270746977226e+22
-3.022406142376934900e+21 7.977815642198456402e+20 7.670389986147366339e+20 5.387791116922697155e+20 6.488912128947761971e+20 5.129380414442900029e+20 2.889314085836381749e+21 6.459284577780166663e+22 2.485682309821222093e+21 3.549273302699298783e+21 2.395312384411038122e+21 3.616750388821198635e+21 1.794143600689509564e+21 -3.320570010648841290e+21 1.589487982690618049e+21 -2.659638006415169683e+21 -2.389323910038481273e+21 -3.523887819880486404e+21 -2.947332664062007312e+21 -3.273198973376678855e+21 -3.278843834306930934e+21 -3.087846749132985729e+21
7.603416437567096095e+20 3.101402003142243533e+19 5.749000128398961050e+19 2.671384053636529521e+20 1.988734143364166451e+20 3.119672680531743867e+20 2.151869137111181165e+21 1.819574285155332260e+21 1.074307883564822954e+21 1.271027736501918630e+21 1.131794347691567350e+21 1.239068627881624076e+21 1.050913715687404732e+21 7.207696653681671537e+20 1.223581455064128553e+21 -1.058643724644476623e+22 -7.782122629515631919e+21 -2.933673105078042283e+22 -3.349340970113028640e+22 -2.026753771026408643e+22 -1.527190958280460972e+23 -4.149193137527893629e+22
2.276780841023960187e+20 2.419111059824590520e+20 2.811242814846756454e+20 4.964136567864954061e+20 4.653907685487481979e+20 5.272075589713534648e+20 2.126605798428701098e+21 1.519969705306933953e+21 8.505268461116238070e+20 1.114188124010510811e+21 8.856626006280478392e+20 1.154913887850953572e+21 1.328598856231574569e+21 1.410372149638592987e+21 1.671966285332852507e+21 -3.430981095147184849e+21 -3.008626412037874385e+21 -4.842814452473426608e+21 -5.295976839654742688e+21 -4.336820567203093938e+21 -6.137733468323348218e+21 -5.204646702543660909e+21
4.433409152155291648e+19 4.002189932266773545e+20 4.382825800225378140e+20 6.380192715739643249e+20 6.273604885628193341e+20 6.649203947299488399e+20 1.991480780208144122e+21 1.027890228468038631e+21 7.227370009497691750e+20 9.492172802814128947e+20 7.304360604767242158e+20 1.008943349472776421e+21 1.252935488911679422e+21 1.527416869679406776e+21 1.541987783122413683e+21 -3.338924982438413206e+22 -1.771512829429160293e+22 5.034913201640979615e+22 1.349426058958088228e+22 2.183393870140760213e+23 1.149362948793728972e+22 1.606674267415962347e+22
3.203422521332163150e+21 8.419334242524744909e+20 7.928090903707244298e+20 1.137899966940193227e+21 1.053868491772666708e+21 1.092975648827589788e+21 2.197579183093915058e+21 6.371434256662895002e+20 6.163178169937331487e+20 4.284221438776465818e+20 6.859796016375314514e+20 5.333518344104941322e+20 2.702027820193937359e+21 3.085513876596330594e+21 3.072759236172987761e+21 -9.716769185167212282e+21 -7.926539394740081656e+21 -2.270643036349107746e+22 4.799817763648231073e+22 -1.421496213621780670e+22 3.854519228362781203e+22 -2.147879074221896908e+23
1.819643327998297702e+20 2.328402714690560000e+20 2.762338395922177393e+20 4.849140307478103982e+20 4.358872273150330143e+20 5.236502108966674104e+20 2.187375959916852019e+21 1.556263585833684304e+21 8.802185808353460224e+20 1.147664006470125617e+21 9.198220380551737508e+20 1.220696889015088710e+21 1.393412098499798368e+21 1.828192684961334559e+21 1.731743603337711059e+21 -3.251746997590527312e+21 -2.870933422502524223e+21 -4.420260181098853564e+21 -4.964055853554923995e+21 -4.052962884164702437e+21 -5.553894053100154520e+21 -4.802143460682381656e+21
3.153094138628977459e+20 1.179318331839227331e+20 1.755546256952629002e+20 3.427222704571318927e+20 2.998011823454710661e+20 3.953096136202034872e+20 2.112053090596123050e+21 1.553124329768403337e+21 9.709986599600738796e+20 1.196598724331720409e+21 1.019362938531629761e+21 1.216943052837863555e+21 1.092173276189227614e+21 9.533780579962641449e+20 1.304774021081617924e+21 -1.364014423340907024e+22 -9.418937784105694134e+21 -4.743834773307768439e+22 1.434648458487981828e+23 -3.134719826956106963e+22 4.374093018818613871e+22 1.954332493682079307e+23
5.652608362317405389e+19 3.576936548847612723e+20 3.879755946503557612e+20 6.059618437140571750e+20 5.847502612285600563e+20 6.245360604438938255e+20 2.212202780749412958e+21 1.516451534533393121e+21 8.170503203246319862e+20 1.140807473733973049e+21 8.537987031580888269e+20 1.289030352450028306e+21 1.663584047478404809e+21 -7.241168188198341103e+22 2.176370695219590201e+21 -2.187865176016932045e+21 -1.988796778069823586e+21 -2.742679045419153490e+21 -3.037494674836111229e+21 -2.591658669344896844e+21 -3.234442561660108407e+21 -2.920447310098693882e+21
2.478681495743234048e+20 1.448121422820321690e+20 1.979083057268245135e+20 3.680742694718972887e+20 3.032032988086927360e+20 4.218056590055404995e+20 2.127626589538275557e+21 1.494488116047909749e+21 9.593248457027958866e+20 1.173860120955280032e+21 1.015531117891048833e+21 1.216557306838345318e+21 1.169104968734720786e+21 1.108652902305235993e+21 1.394332830996229521e+21 -1.480866731383236382e+22 -1.005613375418425095e+22 -4.965474343914219084e+22 6.710955979435829677e+22 -3.599142987786874362e+22 3.596924566947731236e+22 8.797467391590926385e+22
-3.969432026238240162e+21 1.023352403773182575e+21 9.670396865978096681e+20 7.529872275667704873e+20 9.352968648696135680e+20 6.756277724687381299e+20 2.961124897674824253e+21 9.145247948908166906e+21 2.405419474380696060e+21 3.364880734549974712e+21 2.824698943848320074e+21 3.407505631017721922e+21 1.708646758375546159e+21 -4.308616835254111437e+21 1.540661307638324658e+21 -3.221069263233510539e+21 -2.859596664981274231e+21 -4.240036301507858530e+21 -3.666216149273359679e+21 -4.065396082950503662e+21 -3.971349132868356407e+21 -3.791694186616936989e+21
-3.836079710371819028e+21 1.035529444001558036e+21 9.750558507670217687e+20 7.701008257641332081e+20 9.493898551513287229e+20 6.885356181059650191e+20 3.005051635087687811e+21 8.242851444221334782e+21 2.369412836304743301e+21 3.298025422925345063e+21 2.835063478308896768e+21 3.332464282146489500e+21 1.722627091565228589e+21 -4.758000191232076153e+21 1.560124215519481954e+21 -3.087335328238628504e+21 -2.751079466640852124e+21 -4.023651259507593970e+21 -3.523579605725693346e+21 -3.871870848671923306e+21 -3.783459742003155698e+21 -3.626223996766975951e+21
-9.831924210613517025e+20 -1.006112684285431906e+21 -8.787521358076177285e+20 -6.586239264283209236e+20 -5.271411261750944727e+20 -9.490229192901521572e+20 -9.988956649627956019e+20 -3.028070131990048932e+20 -6.286752666987530813e+20 -3.768832502275788636e+20 -3.623756814206302159e+21 -3.644344947937336361e+20 -6.588713202776062034e+20 -3.999929312868175708e+20 -7.715421833287566623e+20 -3.249123291082535076e+20 -3.103336791126561260e+20 -4.007325085506201190e+20 -3.896431742331393802e+20 -3.641610906029022249e+20 -3.968976700060503900e+20 -3.724589769160419574e+20
-6.401796658360854774e+20 -6.331497075082750853e+20 -5.517625229769890202e+20 -4.056734044555920671e+20 -3.296105771655713915e+20 -5.665990722028498452e+20 -6.115506315376936878e+20 -1.977513932212152238e+20 -4.048552734164243579e+20 -2.430513459218643354e+20 -2.128567515876448535e+21 -2.352781892354061435e+20 -4.245061168275478938e+20 -2.633894010783746294e+20 -4.946807187720322417e+20 -2.079374966701403013e+20 -1.991571444172085330e+20 -2.554191199927744266e+20 -2.496609244775292600e+20 -2.326589062402676490e+20 -2.535109166658411233e+20 -2.380788076913584374e+20
-6.129659079904241910e+20 -6.020004765186434007e+20 -5.228262660287885476e+20 -3.710709039222144369e+20 -3.045031877373469000e+20 -5.140129514703816622e+20 -5.741428362433100513e+20 -1.878561412962745057e+20 -3.866079446516581007e+20 -2.294641958336559186e+20 -2.061265012904595554e+21 -2.220062197175572890e+20 -4.026097359291716076e+20 -2.483118539488078070e+20 -4.675319159171332178e+20 -1.950433686589121167e+20 -1.871444430055257539e+20 -2.396627757701972951e+20 -2.351972243415455826e+20 -2.183756845194909778e+20 -2.382100115397701468e+20 -2.235630433519347958e+20
-6.298025476580721295e+20 -6.276899912734524047e+20 -5.382515491810675261e+20 -3.701615181471609651e+20 -3.065711149299998392e+20 -5.047961085061090509e+20 -5.803232154549377434e+20 -1.942741667652633231e+20 -4.022389298801140040e+20 -2.356698425620919747e+20 -2.270408602416791683e+21 -2.282567606155858412e+20 -4.154397361353235497e+20 -2.565588167672047862e+20 -4.827205890403310633e+20 -1.964469409632372982e+20 -1.887958366610915000e+20 -2.411297459521534362e+20 -2.375912075950527939e+20 -2.199217553952735887e+20 -2.400238663407800484e+20 -2.252111210591307039e+20
-6.084328253577203548e+20 -5.823185192423931249e+20 -4.964283147040364954e+20 -3.296198974201310740e+20 -2.770392093178493665e+20 -4.488991490680010834e+20 -5.334100285152442450e+20 -1.793417466669241139e+20 -3.717207435428110664e+20 -2.164321035690297262e+20 -2.036643470762143646e+21 -2.095073647115045765e+20 -3.810938361800169226e+20 -2.345015158118355436e+20 -4.396926976554814013e+20 -1.821253218320383672e+20 -1.752464688791591649e+20 -2.237729573029454152e+20 -2.214058103053298893e+20 -2.040002861773264323e+20 -2.230960969180576154e+20 -2.091556344905121464e+20
-4.040566071821571850e+20 -5.051199407799678403e+20 -4.324503946550229074e+20 -2.744870273854502994e+20 -2.306242805661934223e+20 -3.628726030437416960e+20 -4.365054833714275942e+20 -1.592441331351830200e+20 -3.454339501404024340e+20 -1.911969722444492964e+20 -2.763729661252072374e+21 -1.839293192251526676e+20 -3.555756051411521372e+20 -2.135527507149058540e+20 -4.209249207357927588e+20 -1.397864028756379566e+20 -1.348251431973407457e+20 -1.699161535138326446e+20 -1.692310749563356447e+20 -1.560529400280058102e+20 -1.699945052345366938e+20 -1.598319609349028905e+20
-9.273006651530729226e+20 -1.152150284420601479e+21 -9.685118783392385597e+20 -5.890191024306092769e+20 -4.937589841194650173e+20 -8.059862489576961475e+20 -1.008870917475967697e+21 -3.281787697395548815e+20 -7.321813974118730301e+20 -3.978357610039526687e+20 -7.663404876501664924e+21 -3.834709827214863237e+20 -7.326646076501076214e+20 -4.198770714066814894e+20 -8.622850213076479508e+20 -3.020719638505949757e+20 -2.909515731912379269e+20 -3.712143164383192023e+20 -3.687730823979256381e+20 -3.390883343158796616e+20 -3.704273267745882112e+20 -3.472974127473381212e+20
-9.456139857827180052e+20 -1.169938019338390864e+21 -9.828686869749183283e+20 -5.979928620536117330e+20 -5.013060621621939405e+20 -8.178860605810862981e+20 -1.024255777970018189e+21 -3.333118970982293176e+20 -7.435137991478632776e+20 -4.039790053366672916e+20 -7.869604351917607092e+21 -3.894084434301343498e+20 -7.444103001544673198e+20 -4.272376730622405509e+20 -8.763250916948313375e+20 -3.068764494056548598e+20 -2.955810290308128440e+20 -3.771544646968962580e+20 -3.746978842770039767e+20 -3.444857825701347328e+20 -3.763743072397795656e+20 -3.528522383021026181e+20
-5.978135114077141729e+20 -7.249528764607472599e+20 -6.099323672702608998e+20 -3.678638346920053309e+20 -3.147098616657881334e+20 -4.886753327067752038e+20 -6.130451388657737400e+20 -2.183196588375183196e+20 -4.780744998068047708e+20 -2.611540199790298071e+20 -4.179050285452684165e+21 -2.517709805357141197e+20 -4.821220098314658775e+20 -2.865039512607156797e+20 -5.668043341652700692e+20 -1.937927485129872835e+20 -1.871680154966557000e+20 -2.365165160966273434e+20 -2.363380413147595407e+20 -2.167628008562016584e+20 -2.365723388742269665e+20 -2.222515964643906683e+20
-1.169630368292667523e+21 -1.338324789622798025e+21 -1.113560730460966355e+21 -6.240750893428281180e+20 -5.408759030440249917e+20 -8.576793873477181112e+20 -1.151738400841596010e+21 -3.701189368521450455e+20 -8.324586358352985457e+20 -4.446211185153504707e+20 -8.574008455053476626e+21 -4.287575580495057388e+20 -8.184139888113146921e+20 -4.640734951577370624e+20 -9.495303158282227548e+20 -3.453363826572165775e+20 -3.336293484800218890e+20 -4.260817249940391199e+20 -4.266951025706153411e+20 -3.883606397108139459e+20 -4.258685356656115712e+20 -3.988351561232305357e+20
-1.190964543265901117e+21 -1.295625800479952077e+21 -1.065280674864107356e+21 -5.853722541440345702e+20 -5.157324398848577372e+20 -7.918390835726264566e+20 -1.079577971558655328e+21 -3.580597230736107766e+20 -7.961862724508948890e+20 -4.259075398439912735e+20 -7.492711481151798116e+21 -4.120269990852033905e+20 -7.761757153023494717e+20 -4.478368740515216097e+20 -8.957310566173603267e+20 -3.326221681133157089e+20 -3.219739477706132029e+20 -4.099322996113204183e+20 -4.120745311415152804e+20 -3.736836091575030907e+20 -4.101188649000121795e+20 -3.841339389703402291e+20
-8.392252495488315556e+20 -8.777409299379700367e+20 -7.254243898835626885e+20 -3.955573754451279217e+20 -3.544301063997842391e+20 -5.248741058898505236e+20 -7.177379724298007347e+20 -2.530385263525717934e+20 -5.531335680570546586e+20 -2.976212521788818063e+20 -4.361296140952980685e+21 -2.880154762609446420e+20 -5.404669069159795261e+20 -3.191601269710769357e+20 -6.204086973449118679e+20 -2.307712882462652826e+20 -2.239203315751052902e+20 -2.830750033770695557e+20 -2.859683435781370020e+20 -2.585551640350324818e+20 -2.838359063002692321e+20 -2.661112412836900045e+20
-8.921534210018949202e+20 -9.536870162509041500e+20 -7.917641287172307026e+20 -4.134724842335506268e+20 -3.753796312460803441e+20 -5.471868585202451743e+20 -7.707566065546960568e+20 -2.737860582641734779e+20 -6.081229427213946061e+20 -3.204867893459013468e+20 -5.499105648587589026e+21 -3.096053975160723210e+20 -5.905363527875302523e+20 -3.440057575695248261e+20 -6.774720483753759867e+20 -2.432762102077564846e+20 -2.364755634698399252e+20 -2.982509278047894241e+20 -3.027222561762359378e+20 -2.725581771282552914e+20 -2.995540318111496274e+20 -2.808395124493921812e+20
-7.179985626632517059e+20 -6.445570399979335844e+20 -5.360674052133159567e+20 -2.830965571598691860e+20 -2.611524662958648197e+20 -3.682769851927865590e+20 -5.203323812881680302e+20 -1.937716874084983767e+20 -4.146005276863525683e+20 -2.238813056923560509e+20 -2.798413832565313503e+21 -2.169573872653210747e+20 -4.043500453212113469e+20 -2.462343231475364332e+20 -4.579667289185254113e+20 -1.765281247635937362e+20 -1.720202763201577943e+20 -2.159879388410740081e+20 -2.203753236319877530e+20 -1.973342829005024461e+20 -2.173811471683862528e+20 -2.038223914809486541e+20
-1.301714223368373273e+21 -1.455826003004295741e+21 -1.214450990657804435e+21 -5.687999739519962317e+20 -5.277718467958118810e+20 -7.568609115377139712e+20 -1.153127323696813179e+21 -3.959087273025774551e+20 -9.205061281891044557e+20 -4.609028219150328136e+20 -1.388945660750257875e+22 -4.443191630501707121e+20 -8.704976943809826652e+20 -4.813664948185913754e+20 -9.944157769597821911e+20 -3.402224335776185057e+20 -3.316850182640944415e+20 -4.182800352520456765e+20 -4.282471744729035571e+20 -3.818981656201714729e+20 -4.210499813644700877e+20 -3.943001889527766057e+20
-1.301956973369057870e+21 -1.451225718357409399e+21 -1.215863445194400334e+21 -5.508436413073111122e+20 -5.163760722462965760e+20 -7.264842092605327278e+20 -1.130831891393808171e+21 -3.958525636221147546e+20 -9.261810653013146337e+20 -4.578978739350639084e+20 -1.527118294352818445e+22 -4.409665976338749194e+20 -8.701571291161275924e+20 -4.795561745628656435e+20 -9.910201700309945549e+20 -3.334369791582690345e+20 -3.256170648554844979e+20 -4.092473405652421181e+20 -4.210131632301962035e+20 -3.739007227787393106e+20 -4.127328467298848604e+20 -3.864240966782577541e+20
-1.403806419238880018e+21 -1.507642570985114698e+21 -1.253619176962431910e+21 -5.562486972505417318e+20 -5.260687396001715978e+20 -7.236720467539115377e+20 -1.142355045359000486e+21 -4.095950073028649943e+20 -9.542670141101861765e+20 -4.699208603475709133e+20 -1.593182829477824876e+22 -4.531149402238444503e+20 -8.880705551518082007e+20 -4.941142519115209769e+20 -1.007653995075117122e+21 -3.410647240397849231e+20 -3.336473263053849231e+20 -4.179510033943727309e+20 -4.318811344267707023e+20 -3.819450764760901878e+20 -4.221389365202036326e+20 -3.951090677093911101e+20
-1.030207292415467323e+21 -1.042834217249052819e+21 -8.769829709306223657e+20 -3.902485203144650916e+20 -3.730744579786514760e+20 -4.990997713773251133e+20 -7.843969805933584056e+20 -2.979653309320314225e+20 -6.796041870400374702e+20 -3.384791431425920205e+20 -7.726911826192053043e+21 -3.261965708878206730e+20 -6.349997958889875702e+20 -3.626806127555001057e+20 -7.158774342629727928e+20 -2.452525458142558945e+20 -2.404391789139253985e+20 -2.990635180949094400e+20 -3.106803402045590077e+20 -2.737944981853872783e+20 -3.028644691536379904e+20 -2.835484700723769508e+20
-1.238730093569953497e+21 -1.278598442106525057e+21 -1.083502703640017633e+21 -4.569706579802986250e+20 -4.398443664053988884e+20 -5.845251944894576722e+20 -9.540473797070709064e+20 -3.565171328197815828e+20 -8.331648369621058191e+20 -4.042876400861676175e+20 -1.214699121070424719e+22 -3.889904129351073137e+20 -7.679755723650098790e+20 -4.268881742894428979e+20 -8.632939161265501635e+20 -2.891200792644611932e+20 -2.839006343142145393e+20 -3.528346945341835182e+20 -3.683557934455532421e+20 -3.229855406703613706e+20 -3.581021373840176579e+20 -3.348681353547213701e+20
-1.106246542887645872e+21 -1.089863952732031418e+21 -9.254579639653990400e+20 -3.882166434167206707e+20 -3.765179579284579942e+20 -4.874672047377370317e+20 -7.951649390178930524e+20 -3.107608471213766738e+20 -7.167545389752069652e+20 -3.489223706530174075e+20 -8.922718476755225543e+21 -3.361773473578994893e+20 -6.567189488146595185e+20 -3.732438637669122048e+20 -7.358835031708169667e+20 -2.479718625675258757e+20 -2.440708028750595031e+20 -3.015649315327102157e+20 -3.162333035824366223e+20 -2.764858750324515144e+20 -3.067964534862316175e+20 -2.870710193261751173e+20
-1.110591793465036898e+21 -1.089337509906945278e+21 -9.341441452827916370e+20 -3.797375754000699228e+20 -3.706404287435405394e+20 -4.724127489469622518e+20 -7.854907695754026680e+20 -3.113966034907341128e+20 -7.243311236984668160e+20 -3.477877667611115520e+20 -9.517580608749403374e+21 -3.347225037698661089e+20 -6.573283344292840735e+20 -3.718883115950778614e+20 -7.346420290287843410e+20 -2.439802905078430106e+20 -2.406318487977846702e+20 -2.963119277807717581e+20 -3.121227159896130191e+20 -2.718828162307086746e+20 -3.020907579691656151e+20 -2.826219156996562944e+20
-1.538868067122119180e+21 -1.563507812699643576e+21 -1.344682323090657247e+21 -5.114133028138743235e+20 -5.015490850882747761e+20 -6.349960158170657587e+20 -1.102582688602949288e+21 -4.266003759218217452e+20 -1.028165432423273202e+21 -4.755492080005593825e+20 -2.566266027069612753e+22 -4.570973595960556257e+20 -9.113650829473462354e+20 -4.991033430708098826e+20 -1.018175003018353705e+21 -3.270393690449087693e+20 -3.230445842637024133e+20 -3.978582777942215229e+20 -4.208191160915465994e+20 -3.648606009991607747e+20 -4.061913010053680333e+20 -3.795964797657567068e+20
-1.157211769966302986e+21 -1.075905616506983154e+21 -9.266067225547096719e+20 -3.614534102442079027e+20 -3.574220708909398098e+20 -4.378394098173647258e+20 -7.428077847040823132e+20 -3.099291823601540792e+20 -7.208035050037461647e+20 -3.409625865648894116e+20 -9.716186394616789991e+21 -3.281205205987177267e+20 -6.394208984520072888e+20 -3.676528634535821967e+20 -7.115943782996107592e+20 -2.342789472763490796e+20 -2.319103956326128026e+20 -2.833560158905299436e+20 -3.007485072476451635e+20 -2.603692546308568187e+20 -2.899385724833084867e+20 -2.711292541728274514e+20
-1.694481362478293582e+21 -1.623632905210640728e+21 -1.410750872547590144e+21 -5.098144288609588347e+20 -5.058615811343241708e+20 -6.177933906974520115e+20 -1.104369342475193156e+21 -4.436323670922814423e+20 -1.077319281114187432e+21 -4.882299191316550779e+20 -3.011825428653614196e+22 -4.688821214703751004e+20 -9.318405429452803932e+20 -5.138021535705738772e+20 -1.034695146761456058e+21 -3.302422520201132769e+20 -3.273284615892181320e+20 -4.004620047154337546e+20 -4.267891371762839716e+20 -3.675464287205625037e+20 -4.105682648717292995e+20 -3.831573672981605908e+20
-1.561501245908846117e+21 -1.348081711841749500e+21 -1.184192696645440504e+21 -4.345846670762698342e+20 -4.341672178531290972e+20 -5.179852307372423905e+20 -9.161180224551013581e+20 -3.881131978480846111e+20 -9.200165295334681477e+20 -4.233675491788704973e+20 -1.643006201525923375e+22 -4.059658142850149253e+20 -8.012963543217698243e+20 -4.601404320138927800e+20 -8.866353532790341632e+20 -2.870576950719317934e+20 -2.850478559904040223e+20 -3.468945094747017708e+20 -3.710604130381971456e+20 -3.186781457558949069e+20 -3.566693831248514253e+20 -3.327171057165526630e+20
-1.734988296800421544e+21 -1.499213960431494758e+21 -1.330847689289955279e+21 -4.672685215555658711e+20 -4.696989360736739656e+20 -5.522257801908055572e+20 -9.971261611163748925e+20 -4.260782401681787453e+20 -1.026428514781830971e+21 -4.626365358834553324e+20 -2.432766827385258508e+22 -4.429085885620666368e+20 -8.783881987940514529e+20 -4.999981410141634560e+20 -9.700542580187008860e+20 -3.082835689047597384e+20 -3.067105747577968394e+20 -3.723613583997464740e+20 -3.997462355611229225e+20 -3.422409041359161917e+20 -3.836404593775022572e+20 -3.576225130678454190e+20
-1.597435524956932801e+21 -1.699344409062977307e+21 -1.568078384666016219e+21 -4.892246028908585943e+20 -4.971347818176443843e+20 -5.811790001892402790e+20 -1.106011925231421358e+21 -4.612832303342382612e+20 -1.197263438903643996e+21 -5.037063875629947945e+20 1.953655439513488374e+23 -4.782390322417080730e+20 -9.935820813657849201e+20 -5.264856418248372388e+20 -1.098921338986858152e+21 -3.156564817830278595e+20 -3.144419428389664195e+20 -3.814061344471042621e+20 -4.107949936403555942e+20 -3.511061281696626770e+20 -3.935302869027506749e+20 -3.667010897060646748e+20
-1.710646309230083572e+21 -1.837293012607126995e+21 -1.727562893755698119e+21 -5.117321032671310643e+20 -5.246846534416663839e+20 -6.039873453106416845e+20 -1.171990452149495136e+21 -4.945344612891580170e+20 -1.312356113101562839e+21 -5.378356763969536000e+20 5.301393514282711253e+22 -5.094349172931314975e+20 -1.066862780772016062e+21 -5.601784684270218117e+20 -1.178081730048701235e+21 -3.298342241003060593e+20 -3.291256111562702848e+20 -3.981501061261197312e+20 -4.303608971640133386e+20 -3.667885620706256486e+20 -4.116192268881608049e+20 -3.832869644726259548e+20
-1.063943022577599513e+21 -1.063914183395910615e+21 -1.011877469110815687e+21 -3.128854624188674867e+20 -3.248137595075001057e+20 -3.617923534810711327e+20 -6.697754391910231572e+20 -3.111178557500464169e+20 -7.841761732502498836e+20 -3.339536815228152709e+20 -2.358816626017352810e+22 -3.162887188201038807e+20 -6.416406670358502441e+20 -3.584546485524054671e+20 -7.064056487716712612e+20 -2.028805640873699246e+20 -2.028355898909614735e+20 -2.431362313050075300e+20 -2.632747181169834066e+20 -2.246552656124779889e+20 -2.518054178609757553e+20 -2.347652827412972175e+20
