5.314799347052294157e+26 3.721788242643138579e+27 1.952952518122774749e+27 9.316991679626254401e+27 2.281811979934778462e+27 1.192093091715457270e+28 3.474594293950018247e+27 2.315981107289168036e+28 1.150169358011457205e+28 2.043137259201257423e+28 5.693004597421318003e+27 1.761932102553932444e+28 2.020103652214055114e+28 1.349128538209378810e+28 2.348454889213991474e+28 7.768073553775382135e+27 8.235483249269912397e+27 7.391620435318156781e+27 8.170535467872784690e+27 6.887020002533067826e+27 7.143674123310878474e+27 6.683967366071792959e+27
4.447235899903882224e+27 2.444435578620381886e+27 8.804137235710747115e+26 5.142850516472093896e+27 1.063077674279643353e+27 6.088173440702701610e+27 5.829388989410109428e+27 1.738894686258939945e+28 1.012859107218889882e+28 1.458464027484435854e+28 5.904109814340451891e+27 1.237442067157361133e+28 1.003865696200910198e+28 6.537125140173206336e+27 1.184399136717499206e+28 1.129868691705917463e+28 1.264879011466339807e+28 9.961025907275455141e+27 1.330026203499578817e+28 9.833211515201799016e+27 1.181067128302576296e+28 1.019207456273131576e+28
3.691306777201756074e+26 3.348653166033750656e+27 2.054115764224908521e+27 9.213947968631618704e+27 2.666057613028207502e+27 1.147059644149367738e+28 3.878599619543798563e+27 2.294300485476091156e+28 1.140967270629589054e+28 2.011522257459593980e+28 5.715067328524922412e+27 1.732006330324076291e+28 1.959387435621417570e+28 1.324175205277184998e+28 2.274885377831351272e+28 7.966021942853767871e+27 8.544906125483772077e+27 7.512006730461196909e+27 8.504458560151327183e+27 6.991697489894177601e+27 7.421394515574361344e+27 6.847848686405679654e+27
3.652726065810903777e+26 3.133652259209814441e+27 2.298384738042641476e+27 8.927479980964950811e+27 2.654783102133672217e+27 1.127005823589348405e+28 3.867306250398060642e+27 2.249975179072677027e+28 1.103272726745849787e+28 1.965033535685715328e+28 5.532708413051325118e+27 1.690646539632905623e+28 1.934011827245706016e+28 1.324442679590018033e+28 2.241215008918787788e+28 7.838857077938294675e+27 8.430044802954537857e+27 7.402606246763375697e+27 8.363728762511819038e+27 6.867838786510359744e+27 7.286997260623084210e+27 6.710603085294185108e+27
5.364823385597724900e+27 1.873304791253411688e+27 1.166772350954634592e+27 4.770529901224685343e+27 9.374544977267228157e+26 5.464784322953556035e+27 5.969164349567117838e+27 1.798047390133598809e+28 1.087581419052977209e+28 1.497589954035449444e+28 6.279947252026644228e+27 1.290875682175506522e+28 8.684094054150663474e+27 6.486959024140262904e+27 1.036385138634819007e+28 1.272832899503186781e+28 1.410871424727496280e+28 1.127778754762814340e+28 1.462704426273200074e+28 1.119865445350656721e+28 1.310676802842145738e+28 1.152278427166905578e+28
5.715316843540823690e+27 1.844840307419186197e+27 1.205860974700967363e+27 4.580688889301887981e+27 8.949732233567646960e+26 5.241119605839766909e+27 6.079238629109240735e+27 1.774725235299066741e+28 1.077575003877364923e+28 1.468147693432602627e+28 6.312958926995621694e+27 1.268462474618540229e+28 8.184495139389233884e+27 6.251654601623250826e+27 9.813004590049214210e+27 1.297114406704862646e+28 1.437134844130879546e+28 1.146700264851475132e+28 1.485255305613769193e+28 1.142852552227814454e+28 1.333758844839272490e+28 1.175258601761050876e+28
5.586025091876856459e+26 2.801916463074599756e+27 2.924433617425750870e+27 8.231084155121437731e+27 2.993631868859419990e+27 1.061244975770095433e+28 4.027291623424602649e+27 2.117986243106940131e+28 1.012327977507840939e+28 1.845444657397508590e+28 5.016715276103463633e+27 1.605725891814283716e+28 1.887904545296738421e+28 1.349919397644489606e+28 2.167053492274855115e+28 7.776737277153899723e+27 8.427632856483497628e+27 7.339120355638559829e+27 8.263555263795913849e+27 6.776067258114324378e+27 7.176889860614223816e+27 6.574924551386305605e+27
1.568647726204306579e+28 5.827249472713501091e+27 2.791384859161376598e+27 5.864481379984208111e+27 9.863607119093201325e+27 2.447361709028460603e+27 1.020779260291898375e+28 8.430792934360075038e+27 1.111672184067840300e+28 1.106001537517989322e+28 3.955450131009148013e+27 1.320279983121265177e+28 1.472256253424122554e+28 5.952997284244326014e+27 1.338688726630730179e+28 9.664275807862537870e+27 1.130190599308346021e+28 6.664852242965333670e+27 1.171920906956935243e+28 8.468823271182682077e+27 1.099898569482353187e+28 9.402239157587829481e+27
3.954516619736127454e+27 1.839526852403694490e+27 1.744854823508869389e+27 4.207113902132567087e+27 2.126322193911786500e+27 5.156484327458159270e+27 6.079555214586606042e+27 1.603861448894682011e+28 9.159264770017102739e+27 1.346124349022676801e+28 5.191426506232430329e+27 1.162905047101870307e+28 9.858452977745237365e+27 7.428082591192045012e+27 1.123022490527130850e+28 1.196449068527269990e+28 1.337262291348523661e+28 1.051036007652463706e+28 1.352639415387675140e+28 1.042872733447712320e+28 1.206265919956795667e+28 1.054729581321435454e+28
1.674288831802149756e+28 6.320762460956099852e+27 3.478089915005410340e+27 5.773893848519015617e+27 1.037514473311279211e+28 2.347559797707887626e+27 1.013883494949839864e+28 9.337191894327696278e+27 1.174885161960843224e+28 1.161617937952084554e+28 4.147295960483480421e+27 1.427797664604490606e+28 1.588312349686768471e+28 6.904754922367687269e+27 1.439861858104977031e+28 9.095059431851789029e+27 1.061162820026418264e+28 6.154976802910476358e+27 1.101208221260792887e+28 8.073847942382372315e+27 1.048964569651153430e+28 9.116078747005345463e+27
1.692505748806239294e+28 6.433223535498087381e+27 3.713146498862034843e+27 5.698436535199815848e+27 1.053136475449718183e+28 2.217974121330021549e+27 1.016488174631447123e+28 9.492767146029929664e+27 1.183974017887240498e+28 1.169290277277339218e+28 4.175485692444356200e+27 1.454461948506750771e+28 1.633504547777626698e+28 7.285060183989550555e+27 1.479393984544975391e+28 8.889084593175492848e+27 1.038572485636925331e+28 5.968385354491557862e+27 1.074468227542607053e+28 7.900876102570777657e+27 1.026828779008696876e+28 8.949957766056095927e+27
3.593284439019956962e+27 1.942935559376900638e+27 1.951267889805417292e+27 3.951532092363901263e+27 2.658118133165585024e+27 4.868881424981325493e+27 6.019057614578210065e+27 1.489916649756679725e+28 8.290893513451256805e+27 1.252473171014288646e+28 4.765352513536262460e+27 1.092563763478524121e+28 1.010924539371833984e+28 7.843124053039368886e+27 1.132038332565178526e+28 1.139553847423698682e+28 1.282616715870308872e+28 9.906739526150582019e+27 1.278559436880837756e+28 9.858390805854003943e+27 1.137211468565424378e+28 9.897118092450545187e+27
9.220336771188648571e+27 4.605410266575315424e+25 2.630529499492701793e+26 5.664949439803821750e+26 5.628427357922898371e+26 1.034570519419752349e+27 8.735583865748092528e+27 1.528466669794728744e+28 1.130064253110276701e+28 1.125696191641059629e+28 7.294254241130781390e+27 1.032483039143584525e+28 7.611185014536237719e+27 8.565054693852198011e+27 6.581782072586406174e+27 2.125041239196986173e+28 2.311672349542440670e+28 1.837785088085972928e+28 2.303354705100510208e+28 1.902545371804624465e+28 2.115117763101832689e+28 1.928193336579501987e+28
1.060155385549195812e+28 3.375390200103024130e+27 1.915090971488739724e+27 3.216332376552650617e+27 4.976741042602274948e+27 3.728219034430113443e+27 1.039075310587239750e+28 4.005610187886168647e+27 3.041373939615328996e+27 3.220478594721861007e+27 2.680891848273154466e+27 1.783670733366896244e+27 4.326941294512807601e+27 4.726773442061665549e+27 2.526559973901684614e+27 2.010694709820015632e+28 2.212706300859237241e+28 1.658543754696182115e+28 2.191185771010649839e+28 1.794885583383059698e+28 2.029320255776587170e+28 1.830940147397468628e+28
1.447993784451331856e+28 5.623338190129972095e+27 3.820382409374218065e+27 4.195151520306303497e+27 9.557454900925634117e+27 1.689003482454388994e+27 9.841530210531453548e+27 7.315012138409412852e+27 9.124346095269161167e+27 9.313375026297275207e+27 2.550332186629890807e+27 1.174667436739979168e+28 1.406578398573185790e+28 6.114115711020391439e+27 1.253348146944730385e+28 9.763532292472439803e+27 1.146344865842198989e+28 6.708298798160047147e+27 1.135915171092030022e+28 8.433361974382051281e+27 1.062317717185154923e+28 9.116312286349883646e+27
1.304356275118628979e+28 5.120737527433960680e+27 3.583832731085979117e+27 3.459459745591421950e+27 8.883898459215490270e+27 1.579679580199253460e+27 9.536473667288054065e+27 5.552921359924750433e+27 7.538655339389476456e+27 7.830331901592378119e+27 1.706497846167119534e+27 9.977201930314645003e+27 1.303542880206902380e+28 5.705880370031614884e+27 1.168044914546997127e+28 1.007456785745262964e+28 1.181530742706462151e+28 7.091273198155276226e+27 1.157531674495584645e+28 8.647723571014698257e+27 1.072732283413542094e+28 9.160152384384556803e+27
8.594265207584448298e+27 4.298374703846612422e+27 2.821782967242768205e+27 6.175238487974399751e+27 2.021422675184185415e+27 7.312765211225527823e+27 4.317376444292150782e+27 2.198294101119915831e+28 1.227835397500233869e+28 1.730344002113500889e+28 6.793738546195615093e+27 1.506418738198558695e+28 9.561554659435680874e+27 8.341939259806974496e+27 1.186832723965202381e+28 1.052914151096074303e+28 1.167030534962541519e+28 9.606510263248644205e+27 1.199074786506696138e+28 9.324735359692937595e+27 1.081178306293926782e+28 9.675760938397039817e+27
3.776281665853565282e+27 1.551411620716982220e+27 1.899569230165476305e+27 2.479363780876918734e+27 3.362655879974215832e+27 2.775580016870215749e+27 6.635025990444696448e+27 1.315044615761030676e+28 7.829737597484592398e+27 1.105044934538133792e+28 4.550112510612255403e+27 9.811807975413262524e+27 8.681091570652625704e+27 7.775894969284298450e+27 9.219750648984085040e+27 1.322216557675072684e+28 1.480485486812351600e+28 1.133910979607422677e+28 1.433879677008014264e+28 1.149777238978827986e+28 1.288786584197547135e+28 1.139911376543113810e+28
4.659445478210135846e+27 1.769495275491296826e+27 1.881794828312665056e+27 2.647446243660327868e+27 3.046823120923174432e+27 2.951530022554461920e+27 6.653448957680480671e+27 1.426350591100321486e+28 8.491776478109536748e+27 1.175416516080468053e+28 4.982399267860612762e+27 1.047433502980049653e+28 8.031728748336353475e+27 7.716128158086377525e+27 8.768115573369100784e+27 1.375186621116458410e+28 1.530487593760926949e+28 1.189757008076206056e+28 1.484362097461368298e+28 1.204771109445467774e+28 1.341252492600546415e+28 1.197310964767558053e+28
4.037390142725460641e+27 1.679942878997759230e+27 1.885757485672264010e+27 2.273892070970490853e+27 3.572590757370327682e+27 2.504729088269482572e+27 6.882516271836971182e+27 1.300730674147487674e+28 7.719620005500799187e+27 1.086455494622843184e+28 4.572994948651007118e+27 9.627198295836959016e+27 8.403790761521321733e+27 7.705080030499609331e+27 8.935638430231679528e+27 1.351878708785789805e+28 1.510466933069410434e+28 1.160015118661412144e+28 1.451676198271691166e+28 1.180303942234448877e+28 1.310669017559705503e+28 1.165740969084038552e+28
9.827784535114705211e+27 6.627224459212206368e+26 6.881783754273579060e+26 1.130417831390487961e+27 7.360309794684000275e+26 6.309247551786425314e+26 8.384100126429884788e+27 1.573200204159042965e+28 1.093575236362874224e+28 1.168007401972939584e+28 7.015601256677783198e+27 1.084498991258225820e+28 5.932479358077074913e+27 8.138019295098125136e+27 5.157868297483795835e+27 2.056467729648301955e+28 2.235756692063545425e+28 1.787393290035397858e+28 2.182673675524718733e+28 1.844643807141639314e+28 2.014135386221915640e+28 1.854002658350047047e+28
4.794217150814159263e+27 1.705235089497034241e+27 1.671291118819751266e+27 2.034378952840328655e+27 3.407213103112957312e+27 2.226847773598361212e+27 7.015700253907338780e+27 1.283387128195273178e+28 7.661718835725559836e+27 1.051563160223165214e+28 4.698173402692579965e+27 9.246891639101235774e+27 7.585103803456407475e+27 7.089434094687053265e+27 8.060537699300743699e+27 1.400977481432690990e+28 1.561452003679132215e+28 1.201461248551421823e+28 1.504871357619600285e+28 1.227783235913132898e+28 1.363566435655259522e+28 1.217317065756454435e+28
3.589167376966872162e+27 3.204070026902847013e+27 2.870638207488859431e+27 3.838622576464195602e+27 4.206087530294077741e+27 4.670327726075208128e+27 5.382559342348937877e+27 1.573908249686834701e+28 8.238643173536789028e+27 1.306968247406540454e+28 4.496678952326811150e+27 1.167477774147179843e+28 1.064083379815907590e+28 1.013025939424010394e+28 1.209728367297961404e+28 1.065965993929702052e+28 1.196264356879488513e+28 9.421257502571262413e+27 1.150244025812704006e+28 9.240864636836724989e+27 1.025987396361985587e+28 9.088631770585388887e+27
4.098751951777197189e+27 1.696828342940822927e+27 1.905833207997227184e+27 2.080460391624299761e+27 3.724795923865298089e+27 2.200156274293942080e+27 6.876135636913139748e+27 1.297595812271414383e+28 7.755116305749600644e+27 1.079767512731099243e+28 4.603735847939173494e+27 9.618930157260880251e+27 8.239964820327342964e+27 8.021056858084736281e+27 8.716583831293697904e+27 1.377584908105011735e+28 1.536792928906630265e+28 1.181138844383914266e+28 1.464075851500536045e+28 1.203990145285121148e+28 1.324076192696712283e+28 1.184027651745402301e+28
1.791734406882158494e+28 5.407155117492251473e+27 4.747409278082808546e+27 3.671737744672789704e+27 1.109747094128282924e+28 2.754319332890508849e+27 9.708713954753725201e+27 1.033450322368850243e+28 1.015997403855590047e+28 1.072572125739207706e+28 2.490633181028893960e+27 1.327528395446560404e+28 1.512132175829996333e+28 6.986709440338289539e+27 1.286288245706087399e+28 9.298285180493921118e+27 1.083433051616258950e+28 6.116125932193653936e+27 1.067352880168165399e+28 8.163763255233757379e+27 1.025438970290632253e+28 9.192763214222416594e+27
1.646755916253967104e+28 4.861443228395306233e+27 4.329535188125014151e+27 2.954337759285635928e+27 1.047855118100991762e+28 2.480091237074145911e+27 9.333521869088086516e+27 8.422474276934849122e+27 8.696296299296079159e+27 9.184618557271943867e+27 1.810512244827099285e+27 1.159552166550021480e+28 1.433706330370724713e+28 6.897363081236714437e+27 1.233671910041366524e+28 9.149757919960721941e+27 1.074627748239391301e+28 5.996704935438500615e+27 1.041993748698326290e+28 7.921151618406047467e+27 9.901218047659633348e+27 8.766903319349011650e+27
1.930877320176696879e+28 5.292956275151052950e+27 5.036675474283575074e+27 3.472364012066916707e+27 1.157431203759725632e+28 3.228312695948476952e+27 9.768502639113009486e+27 1.152605408270825245e+28 1.087633811207233097e+28 1.149286686214445648e+28 2.746099954916990551e+27 1.421298361298402070e+28 1.598071962951523402e+28 7.675420639536973674e+27 1.354528277857717441e+28 9.075313969215801473e+27 1.053259752869214787e+28 5.936167886371793403e+27 1.044085782505884678e+28 8.033068921927938966e+27 1.012669114825463338e+28 9.214980409026660651e+27
1.714724741779972863e+28 4.628392877952282262e+27 4.490854716477421321e+27 2.664494154532087514e+27 1.040245613975769817e+28 3.039605845725898638e+27 9.270867514985010020e+27 9.159911925065976186e+27 8.889894551197442842e+27 9.545264987974814108e+27 1.674881334757798299e+27 1.185250289681813970e+28 1.424537279351443644e+28 6.746949306253461461e+27 1.205519432746789131e+28 9.345067123593194783e+27 1.093750601640542900e+28 6.101657579315582575e+27 1.055392605970259141e+28 8.085476132759156318e+27 1.005251360437112033e+28 8.984449826161754655e+27
2.003234859075840630e+28 5.054042598096168303e+27 4.874738470662311185e+27 2.809690086514055668e+27 1.150006012303579413e+28 3.489069671608937749e+27 9.532187137280895925e+27 1.133025447487667152e+28 1.041517982699177640e+28 1.090496565580493922e+28 2.345256022910590487e+27 1.368562999411995048e+28 1.565036000113227578e+28 7.931106466446648219e+27 1.324893220846497727e+28 9.294185285036447667e+27 1.061771827335974520e+28 6.296822654430495644e+27 1.065629511317752537e+28 8.356434319308086817e+27 1.041090554831934433e+28 9.654147275408822814e+27
4.726122301107928739e+27 2.049358175631526518e+27 1.722738000422313239e+27 1.409113316162196944e+27 4.279180671455066481e+27 1.348057389606718695e+27 6.672872169196086028e+27 1.208062359572661753e+28 7.080765492640198906e+27 9.824484478222096342e+27 4.352679575296746611e+27 8.739596610289160983e+27 7.447242574323393358e+27 8.031496028045692734e+27 7.836540918702417197e+27 1.378406483981669185e+28 1.537865593964208766e+28 1.178265042204857967e+28 1.439570433705874842e+28 1.204603066593850418e+28 1.305110663256913373e+28 1.179089791491413434e+28
5.456559869163711373e+27 1.872834911208174551e+27 1.500431134989513432e+27 1.216097403642761138e+27 3.873661531684573958e+27 1.073077183933124249e+27 6.974109185769057137e+27 1.241193335479380899e+28 7.470728404117252860e+27 9.888038321954791646e+27 4.656815034199053746e+27 8.766690341916904122e+27 6.746452423260466491e+27 7.765339392889927246e+27 7.011400588038665767e+27 1.487588797318688075e+28 1.650556830677904321e+28 1.274818728821328896e+28 1.546231759991221555e+28 1.307706732175309661e+28 1.409130179134216961e+28 1.283567115097174746e+28
4.739497231339081498e+27 1.909709014103372139e+27 1.591324978305097336e+27 1.069763837559413468e+27 4.329615453854747590e+27 9.226571095967858927e+26 6.827625376952518988e+27 1.169689539036184363e+28 6.958372831105104095e+27 9.460762477879325796e+27 4.280065417440730728e+27 8.394541807127914858e+27 7.301092839658494257e+27 8.089603582504351455e+27 7.510985000196259086e+27 1.425899356093963788e+28 1.588765579808151757e+28 1.217496412868395418e+28 1.475924655385046775e+28 1.247709315212538042e+28 1.340818130466148593e+28 1.218255546158545554e+28
4.091960764121453058e+27 1.916730219984089372e+27 1.712171223282356720e+27 1.014769638006319612e+27 4.568338434019781852e+27 9.141654615126021231e+26 6.784337892277311539e+27 1.147873193549811562e+28 6.833951520020802071e+27 9.429820309574617966e+27 4.105412102760891795e+27 8.436369419499924992e+27 7.827279256311558034e+27 8.627375571885844117e+27 8.005259067445044097e+27 1.398888784845390932e+28 1.561314145253116333e+28 1.193495830157987662e+28 1.438367097590490584e+28 1.220879604389199931e+28 1.304139649760740100e+28 1.185311238033281376e+28
7.984651921888386362e+26 4.354572291154109332e+27 3.738417789173613146e+27 2.193227163413397439e+27 7.686356784002799589e+27 2.602651975336384390e+27 4.395677024098417043e+27 1.220816361488282669e+28 5.987244494719715429e+27 1.119605726041495561e+28 2.450728292619615438e+27 1.119626538966589352e+28 1.346866724789888221e+28 1.530089170296708605e+28 1.442848030750949053e+28 9.152565888060279502e+27 1.025347777862547160e+28 8.343065825818577070e+27 9.017405242622541520e+27 7.863110714327421564e+27 7.915647320665304970e+27 7.213943250942926115e+27
3.975499484306042360e+27 3.078477143454051401e+27 2.343080788702437085e+27 1.580388800065825639e+27 5.231625185303169968e+27 1.565217301464885719e+27 5.871901080283362580e+27 1.286440010225704866e+28 7.098837395204950315e+27 1.053471491790040167e+28 3.872964346418255264e+27 9.713668185980652091e+27 8.387091087353810173e+27 1.014221758127958531e+28 9.143708040915232178e+27 1.262880549701222901e+28 1.409637191596377217e+28 1.099467519009193114e+28 1.295445121014941554e+28 1.100475604462467924e+28 1.168522594305428823e+28 1.066546436029903095e+28
4.021702694843701374e+27 2.985568292347487751e+27 2.277363926133274814e+27 1.475904123064519127e+27 5.178417661709872636e+27 1.393936043051789007e+27 5.976968958944428104e+27 1.273935382108177417e+28 7.091051769097505551e+27 1.040233074337968334e+28 3.890615644546027768e+27 9.605968715554799617e+27 8.219513377592821191e+27 1.009140558657191743e+28 8.924543312274164051e+27 1.288103629035436603e+28 1.436513127534794773e+28 1.120418707961398383e+28 1.315627271161427615e+28 1.123742443943441659e+28 1.188557893936416944e+28 1.088214458100436493e+28
4.406465860044295747e+27 1.652770903004974130e+27 1.490359556852797171e+27 7.407357937674842628e+26 4.298453678909166368e+27 7.032871866875854663e+26 7.029186880124299889e+27 1.117933873466215326e+28 6.795947565442651461e+27 8.990589397125106042e+27 4.131718289695206551e+27 7.982493908217831441e+27 7.368942285964088782e+27 8.632188872973314294e+27 7.321781128179222469e+27 1.496196002355320881e+28 1.662907972634587203e+28 1.278563030878536289e+28 1.514451850657350888e+28 1.310777061252104421e+28 1.378985391700213162e+28 1.271349446053397636e+28
1.516906624860779079e+28 2.353073480636883954e+27 3.045338400264646464e+27 1.012042142576576485e+27 8.116855269288376381e+27 3.357043401990790553e+27 8.773370792780360545e+27 5.852054373343946426e+27 6.064946264212397837e+27 6.576955543458302503e+27 5.972177305513494293e+26 8.485063208232231411e+27 1.298492016098734647e+28 7.161873478648288190e+27 1.102133705870942437e+28 9.654011046318970530e+27 1.132756424762839352e+28 6.538472942972642597e+27 1.028561837119552730e+28 8.204691766165766864e+27 9.603413372534740721e+27 8.634103232578253144e+27
1.732854713561475780e+28 2.562359351521594079e+27 3.249626724197377421e+27 9.810846213180857415e+26 8.616762937392103185e+27 3.604614291691973615e+27 9.124139085760520834e+27 7.238229071063416079e+27 7.066863379365201756e+27 7.326046756625340239e+27 6.334437496157629497e+26 9.696242023948628523e+27 1.437388817841298224e+28 8.445841231477180227e+27 1.229982852103249716e+28 9.166877960212951445e+27 1.066866060771606954e+28 6.145874796622121081e+27 9.968770902336882854e+27 7.979813297795340282e+27 9.503164931741279573e+27 8.724907027747495348e+27
2.160078160615617477e+28 2.625703786582609126e+27 4.176739609334582603e+27 1.169915557607257136e+27 9.385292643842175936e+27 4.771618927825109440e+27 9.785141176893220923e+27 1.147777931082299100e+28 9.888696585164050530e+27 1.034529682196573893e+28 1.637218640494194019e+27 1.305948567365694718e+28 1.686323905148937020e+28 9.691883312563322685e+27 1.413041044014897098e+28 9.200128746486421474e+27 1.046655945922822770e+28 6.268576818814731022e+27 1.030405531944645236e+28 8.315668615526643854e+27 1.011312615798605650e+28 9.595576635794570571e+27
1.032304096827356241e+28 4.755056927633205614e+26 4.736100818627513026e+26 8.144759038729769903e+25 2.954637540804432034e+26 8.821856247976456814e+26 9.456304311916303700e+27 1.561368783553079522e+28 1.055726430754393840e+28 1.100648975067401879e+28 6.695243914855093717e+27 9.416476270980251251e+27 7.914893623758294132e+27 1.239616923477296956e+28 7.002128854381299889e+27 2.378556394678294005e+28 2.570691567982736269e+28 2.073045766632434276e+28 2.375183594954324785e+28 2.142269461917432589e+28 2.210819914928193583e+28 2.115132861794986625e+28
1.377627032491708564e+28 3.164215191314419464e+27 1.511198977165605979e+27 1.423868101159129664e+27 5.283271847685677720e+27 2.410402798089144241e+27 8.993134575385146020e+27 2.242222381913748506e+27 5.274944197307142751e+26 5.602254827870090084e+26 3.204493046017841875e+27 9.801368242105679641e+26 5.418387324712333242e+27 1.428027997543709808e+27 4.436247391593125533e+27 1.526436324741816238e+28 1.693287978738395647e+28 1.238337289895450573e+28 1.582230716753783264e+28 1.363054141208464462e+28 1.480532806815201649e+28 1.387888492318719725e+28
1.365893488633157361e+28 2.914826212025206744e+27 1.434491793742353300e+27 1.626519319521882006e+27 5.125414055149044509e+27 2.391525445630498733e+27 8.617375025127330023e+27 2.348895686527262621e+27 4.980073855404628317e+26 5.726854678389707220e+26 3.282270979021319307e+27 9.415901213437351920e+26 5.393107692476267406e+27 1.564197362445800758e+27 4.460062922662843996e+27 1.488999431869085835e+28 1.655821049841569944e+28 1.200927022516289287e+28 1.539556570114173159e+28 1.324702992963943008e+28 1.438466890909339691e+28 1.348812442000626209e+28
9.010184849554882344e+27 5.138885081147950783e+26 3.082919442648391467e+26 3.096859927672653931e+26 8.211646928602947637e+26 9.371915628347054842e+26 9.038876392771075856e+27 1.287535933907619896e+28 8.712373258204811343e+27 8.974254491131740293e+27 6.181372458669734105e+27 7.321402822670263163e+27 7.052732034288172567e+27 1.060153979730525613e+28 5.965437499266796614e+27 2.212432566035815524e+28 2.404413707106391541e+28 1.903923519825758884e+28 2.195526959825464245e+28 1.981621484211546603e+28 2.041678924194275989e+28 1.954904773802874194e+28
1.915902922659005278e+28 1.276389274492573638e+27 3.575570888511885122e+27 2.072135705852793968e+27 7.172030668819453598e+27 4.612297950362038088e+27 9.314187582067263089e+27 9.100586933857827257e+27 7.934735277706257954e+27 8.641603567762096925e+27 7.165175087086820031e+26 1.086809575090624954e+28 1.521609383059169622e+28 8.424252095357273194e+27 1.262747688112367853e+28 9.427516739144114155e+27 1.097729366980445524e+28 6.202326090876861550e+27 1.007135267890730363e+28 8.171157647868895629e+27 9.648001423913552037e+27 8.999930260385130889e+27
1.906861956980007460e+28 1.048877953262929029e+27 3.382977687826939320e+27 2.197317576419872893e+27 6.979539260764987148e+27 4.693695645917330194e+27 9.335178583335324861e+27 8.896975160146131150e+27 7.782410183589557176e+27 8.481592094122609922e+27 6.950746738791502669e+26 1.068994675993024206e+28 1.517134219666801688e+28 8.432079555779861115e+27 1.258726402766867159e+28 9.478068338371251643e+27 1.104235795060318854e+28 6.253137974312194573e+27 1.006747443748531166e+28 8.200328288478013580e+27 9.633726819093138955e+27 8.993076028174071343e+27
1.895417556529435841e+28 7.483924537082668110e+26 3.227048559449029757e+27 2.380069206525334447e+27 6.878891791139273816e+27 4.777798466498625757e+27 9.150822166525420083e+27 8.637202618267115335e+27 7.561605596728415145e+27 8.282214800298714779e+27 6.589884662628409101e+26 1.046953707723718465e+28 1.499482866589313257e+28 8.387962587599663055e+27 1.240834574845451374e+28 9.352496944528402499e+27 1.094065402111241060e+28 6.118997185722877881e+27 9.896935470411413762e+27 8.043706346186846258e+27 9.441704886563015477e+27 8.815634607713822267e+27
1.881291923760958942e+28 7.135413634770745423e+26 3.152681779595732606e+27 2.481057537742042951e+27 6.529947798746218263e+27 4.714992420416268282e+27 9.314640267615666417e+27 8.462892766406817368e+27 7.446684625884159136e+27 8.165107783742380076e+27 7.063026740424590101e+26 1.033063253872914472e+28 1.510640619046799491e+28 8.511804249194630701e+27 1.254435013005779960e+28 9.520142504011872225e+27 1.109909553465640219e+28 6.305600877303244480e+27 1.001418857722615018e+28 8.226182457647749713e+27 9.562731505766308789e+27 8.969503355384117380e+27
1.995288644982097442e+28 6.607192378317270083e+26 3.004351008547923655e+27 2.538737292990969012e+27 6.479831830737515205e+27 5.096872852966072473e+27 9.643250115832356763e+27 9.057914323607965961e+27 7.781141260933943799e+27 8.467372655610692309e+27 5.839587533103599713e+26 1.069907781917750682e+28 1.540493401951286299e+28 8.450774521928667883e+27 1.268213644905141742e+28 9.937373649721358075e+27 1.146147820674185088e+28 6.744652003422494939e+27 1.051620704389008048e+28 8.718559711627200569e+27 1.010876949528006827e+28 9.584951760150344323e+27
1.902686026497130127e+28 2.700798682040325525e+27 1.568340218847341100e+27 1.265253716241283163e+27 4.077030780213361884e+27 1.174843798306966500e+27 1.300575905222428511e+28 1.948925427852844085e+28 1.404271966657547291e+28 1.266411846303010316e+28 1.055952862316531094e+28 1.119078444105643305e+28 1.335704301366027231e+28 2.072072749437406190e+28 1.186053367605060143e+28 3.399792899204336612e+28 3.615051889999256535e+28 2.995532647899815998e+28 3.355407661749022404e+28 3.118534132747373212e+28 3.175365214430096344e+28 3.128268432811282748e+28
1.853280282949009657e+28 2.877516368869948307e+27 1.720693463497384833e+27 1.303827499114749277e+27 3.971332807038211354e+27 1.268012414477346580e+27 1.304310740470882411e+28 1.861131144773749027e+28 1.343708213980212269e+28 1.208595470362928517e+28 1.042872231982959737e+28 1.052258191841706761e+28 1.289422819273119539e+28 2.018212012425363813e+28 1.139829450238771684e+28 3.353219234427489167e+28 3.568742332169441279e+28 2.948909687937885447e+28 3.303720643801845553e+28 3.075013192001506639e+28 3.126918730448396769e+28 3.085691721303167587e+28
1.096083342293264041e+28 6.028577017567380350e+26 6.951089731067864366e+26 2.120105434575436388e+26 1.395676220295052261e+27 2.643714082295421115e+26 9.348616794736010335e+27 1.575578569026180652e+28 1.013400704579292738e+28 1.135336129279932601e+28 6.795198039480573679e+27 9.831291092301031999e+27 5.951438063387390164e+27 1.052293258765505469e+28 5.110791904044588402e+27 2.309098031872378031e+28 2.496039951671676027e+28 2.015429737924704461e+28 2.264661286049232895e+28 2.085665316079505099e+28 2.116861091995683751e+28 2.074503757042332308e+28
1.857855367255320078e+28 2.886904568503840507e+27 1.564684975769950966e+27 1.491467416393492784e+27 3.915673419077809387e+27 1.361026835069847127e+27 1.317288938160643535e+28 1.945604668318573977e+28 1.388814295998665322e+28 1.291073346152138773e+28 1.058962469955655084e+28 1.107361737056953171e+28 1.309819434091442357e+28 2.071113380628544403e+28 1.154278196464893299e+28 3.402021563467819993e+28 3.619961255252059930e+28 2.994119682675616985e+28 3.337925500396299642e+28 3.120072888579256890e+28 3.160904038134573817e+28 3.134268120912945555e+28
5.379853699401958539e+27 1.020269194917535593e+27 1.137481877521371493e+27 1.117046405032570982e+27 3.049299422591756662e+27 1.206034671097223355e+27 7.916432931773854770e+27 1.170433120629820569e+28 7.213930823985745421e+27 9.143178950603344752e+27 4.860255516041108598e+27 7.868271408771804207e+27 6.660298449900797449e+27 8.842586180372818296e+27 6.274629070838708502e+27 1.759250606167896880e+28 1.938273014260813439e+28 1.500063504800945903e+28 1.694023379911108348e+28 1.556886165190622831e+28 1.562479837158567472e+28 1.526117706328002598e+28
4.780984791815884752e+27 9.356171391325131737e+26 1.087947164376984413e+27 1.254525326567476834e+27 3.009986218925536825e+27 1.289654003828270247e+27 7.872144455700802656e+27 1.121762895073662867e+28 6.988209423782930434e+27 8.896435587354691710e+27 4.891426923462334727e+27 7.637981775611727511e+27 7.053438214873741666e+27 8.943623713208385898e+27 6.585871438472467795e+27 1.712428177188776283e+28 1.892647001990479423e+28 1.447209649837288492e+28 1.638588425483966328e+28 1.508994167034624204e+28 1.509185028216303456e+28 1.477792655215908209e+28
8.235503850379852318e+27 3.126473778126430372e+27 2.061130065482012215e+27 3.256359691573317525e+27 7.206250665088309702e+27 3.064178649915546672e+27 5.410855809831909898e+27 3.051075663156210037e+27 1.484170664456210596e+27 3.825017805766430988e+27 9.686750321007595561e+26 5.196885039965082549e+27 1.243324711154531094e+28 1.350357079354091896e+28 1.215308291298578884e+28 5.079804076235728378e+27 6.608744524685233696e+27 3.417764489640808600e+27 4.830963015223642044e+27 3.742988091003825772e+27 4.008648351020611932e+27 3.484128511795145345e+27
8.157798270502992581e+27 2.132724816792337491e+27 1.808314950917016185e+27 1.206738766807974406e+27 4.299377979859276667e+27 1.043745738368759963e+27 6.737663353903213930e+27 1.259183451298797786e+28 6.941285761597723951e+27 9.429076315190008632e+27 4.336779170040660213e+27 8.363227219447966330e+27 4.308452533414509553e+27 6.432055099079133597e+27 4.670904632368842590e+27 1.613522644355443018e+28 1.778485045164850155e+28 1.393754867987178856e+28 1.580544556809829155e+28 1.428728279844601281e+28 1.457606176361371485e+28 1.429617689798655262e+28
1.404203808697168236e+27 2.084188293478723374e+27 2.000946108421633344e+27 2.303102330081162754e+27 4.441204669121175013e+27 1.810281902728320018e+27 5.929812753597028684e+27 1.048350605012620534e+28 6.264331445395346327e+27 8.908497825780422522e+27 4.147396882497755570e+27 8.354350480285662054e+27 8.633521021975874942e+27 1.158999311174544056e+28 8.387146462769241207e+27 1.419698181183355995e+28 1.589996504522902111e+28 1.189553098407964688e+28 1.313021163191676326e+28 1.222290655037606687e+28 1.189045287690808130e+28 1.177832628722353932e+28
3.155894199943375764e+27 1.178560820519734602e+27 1.247200921016728595e+27 1.866373415324664200e+27 3.175640684917111618e+27 1.470704422650146669e+27 6.556143895713809388e+27 1.030033141981198083e+28 6.424211628666074467e+27 8.461606903624930615e+27 4.928657319059993713e+27 7.393648176471686275e+27 7.752317242021287043e+27 9.922896046490601207e+27 7.147250721404275773e+27 1.547053690515768620e+28 1.728656056553377017e+28 1.275927802403629806e+28 1.445084767114434873e+28 1.337173787290089798e+28 1.318415146602167508e+28 1.309699693037940552e+28
3.126426171809922868e+27 1.124584986189228230e+27 1.147928507761811870e+27 1.894891098594449273e+27 3.029509243513777502e+27 1.471362808176962801e+27 6.333861168380057277e+27 1.030367486944179210e+28 6.477619923199453195e+27 8.466149393129596769e+27 5.130896703142147337e+27 7.390564973571028687e+27 7.844394344122462460e+27 1.005039153628649957e+28 7.221804508478316430e+27 1.507508055393316310e+28 1.690621866764385711e+28 1.227996339989484285e+28 1.405429707585311476e+28 1.294019761364709464e+28 1.278850088610248049e+28 1.274100613305601280e+28
2.027760383782031776e+27 1.455514323296625099e+27 1.384611679262482349e+27 2.168621591256795717e+27 3.410918501750736723e+27 1.606600065641965123e+27 5.918858660587743221e+27 1.029886689113083569e+28 6.427924139455370968e+27 8.648864512355508922e+27 5.005097941232166088e+27 7.758447779820627705e+27 8.398897561742145771e+27 1.103147756162768615e+28 7.855988430152002288e+27 1.444987599052324859e+28 1.625791364104387834e+28 1.172576060718273994e+28 1.330641387002988484e+28 1.231317678897696619e+28 1.205070307386639002e+28 1.206307440596438742e+28
5.027087616427412975e+26 2.557069629040977972e+27 2.041100973854675785e+27 3.047381101264651673e+27 4.987612289382427773e+27 2.107874966124000723e+27 4.897294628488122651e+27 9.445325921373745177e+27 5.513710944434683535e+27 8.395292542453857934e+27 3.877980859758948818e+27 8.303792865582674805e+27 9.569889863458892094e+27 1.291401213741370149e+28 9.421570067832297848e+27 1.170805906220248615e+28 1.333789862577045132e+28 9.540373103204362956e+27 1.049927381544777883e+28 9.776983118241833128e+27 9.330144052301375858e+27 9.380508228247643528e+27
1.616022037947333058e+28 3.338497809412244471e+27 1.171483999930898098e+27 2.259123048435303091e+27 3.390657947161187724e+27 1.400484498565281618e+27 1.062019675403728607e+28 1.961913500524800369e+28 1.353833862952034041e+28 1.407763599655323073e+28 1.124187615859304107e+28 1.177208361966574685e+28 1.228398136409084139e+28 2.011168375129056603e+28 1.079704114947867520e+28 3.100459344964366342e+28 3.321273696156496215e+28 2.677453171474583048e+28 2.982801450220902091e+28 2.804071517051690380e+28 2.826189511811256964e+28 2.853838129512805510e+28
6.431430788566114508e+27 1.241700105533371279e+26 2.495685510550496059e+26 1.153200194073965260e+27 1.358164171803901538e+27 8.702011336536226791e+26 6.966039638554782802e+27 1.121087789836298552e+28 7.230124003560341792e+27 8.698502479821656273e+27 6.578955533017181914e+27 6.923343807790808745e+27 6.488996727699528613e+27 8.883418280815495550e+27 5.420627868295790822e+27 1.782774498450516039e+28 1.973271327085757557e+28 1.457206022894482061e+28 1.677143116876427547e+28 1.550814001009058619e+28 1.552600786069888944e+28 1.562084603223017679e+28
2.927052222636646987e+27 1.369427015210875528e+27 1.076005000150353104e+27 2.391006656502582458e+27 3.244177888578149397e+27 1.424677916593830114e+27 5.247593653657399026e+27 9.587127775780267269e+27 5.828370445175838250e+27 8.033753199641369099e+27 5.161077216189904642e+27 7.042093230814710693e+27 7.492007800070953478e+27 9.958646992825626730e+27 6.897148069586164082e+27 1.381796570964108356e+28 1.558184895964108860e+28 1.104146375447541269e+28 1.258529980058837792e+28 1.166831161000043745e+28 1.140477673158894635e+28 1.153156147677118628e+28
8.146709521557637876e+26 2.336000987850027477e+27 1.673243974119068819e+27 3.228326596100822926e+27 4.536895102608166997e+27 1.856665252081397227e+27 4.589340153565680205e+27 9.244972003977115068e+27 5.457394661833367362e+27 8.213471034522077228e+27 4.500760128395126740e+27 7.858137586178269072e+27 8.906352985461738584e+27 1.230052163739290163e+28 8.571491459945848777e+27 1.217492248965497009e+28 1.382114117299878332e+28 9.779146748051261418e+27 1.073966682700779611e+28 1.013372811897181288e+28 9.598504311100520613e+27 9.793359374113844338e+27
1.512648087316243285e+28 2.498092179610396118e+27 8.553901850498606111e+26 4.630273121224070942e+27 2.697818777536944315e+27 3.021844680580135030e+27 6.482869054387037539e+27 1.274733220676915135e+27 1.063819387475993338e+27 1.680275566939298547e+27 4.459224845972650914e+27 3.195535575691796492e+27 8.329383206954245372e+27 4.951279251563711917e+27 6.877259090521016955e+27 1.018073829413681641e+28 1.163346896653872130e+28 7.229891956774081688e+27 1.016609509331574218e+28 8.787996344077907355e+27 9.659358850838061985e+27 9.507080001113940967e+27
2.400100644857587178e+27 1.390415208221132146e+27 1.018124466810227573e+27 2.577779211337041816e+27 3.187908001821973106e+27 1.424899493109175020e+27 4.802775588466080164e+27 9.394892807841984399e+27 5.711817887750705724e+27 7.993231906184039820e+27 5.460325242298609535e+27 6.929290412431331770e+27 7.666025885870871193e+27 1.048928405952090550e+28 6.944441680241044009e+27 1.387695144593299656e+28 1.562503465540408629e+28 1.100747460496741701e+28 1.241671658752441827e+28 1.163848837134310658e+28 1.125819981351789256e+28 1.149701208043270690e+28
3.781864295356853095e+27 6.343692129392328060e+26 6.691276382229452139e+26 1.850061514613874549e+27 2.350768596034218479e+27 1.080920377940346287e+27 5.585748522810772525e+27 1.059905841397068509e+28 6.468529946053099156e+27 8.722171297506229790e+27 5.986572008278907440e+27 7.246686431611216639e+27 7.126442346753207168e+27 1.013834715150488073e+28 6.344593653516621651e+27 1.603785109642495434e+28 1.783334666322619816e+28 1.294402844411259621e+28 1.458396605335393462e+28 1.369118330828078987e+28 1.341168376616326091e+28 1.367565379116928248e+28
9.854190081828532802e+26 2.123519024189115020e+27 1.354031522780526680e+27 3.412002901324531862e+27 4.246336793463141227e+27 1.731251833600719429e+27 3.375583911086067313e+27 8.916982152158205590e+27 5.181571972211504623e+27 7.815537122401360383e+27 5.221074679736893759e+27 7.226066203343782189e+27 8.197263287350408358e+27 1.204181192368310404e+28 7.630347511387802955e+27 1.214676324839308952e+28 1.375948456440748613e+28 9.646594662645366623e+27 1.048695791530852481e+28 1.000428324322277825e+28 9.386831301464456825e+27 9.708845349787994281e+27
3.033171988989985571e+27 7.612429795262213465e+26 6.844316925252156229e+26 2.154919159819419202e+27 2.417596250549231721e+27 1.092280167610283377e+27 4.891315437765071352e+27 1.008659910454962258e+28 6.151198183178717857e+27 8.414243255567350235e+27 6.228338826943663573e+27 6.948119175708928609e+27 7.340197098821471188e+27 1.055423383214472697e+28 6.465647490502615340e+27 1.536812548135527603e+28 1.713463403352033769e+28 1.223212678405479110e+28 1.374585545734382477e+28 1.298243889010455310e+28 1.261372570805951866e+28 1.294212354850357644e+28
1.718705257766238457e+28 5.134667578657634682e+27 1.012607732861384768e+27 3.388545152897316073e+27 4.345556016039983553e+27 2.255364758399375096e+27 1.003541004640154819e+28 2.149896225004981639e+28 1.363145352633047462e+28 1.603220005199915713e+28 1.137353053513386560e+28 1.323611101445487370e+28 1.308694488310789262e+28 2.243537562642358336e+28 1.178452758980975289e+28 3.382903570976348881e+28 3.600762981613299816e+28 2.936364807353123791e+28 3.190710914755196397e+28 3.054347753418178049e+28 3.054053227730148172e+28 3.111238322187730532e+28
1.713837060823304720e+28 5.329256543314199178e+27 1.180139330664485490e+27 3.518961809713767699e+27 4.519566029071539135e+27 2.422839721141236769e+27 1.018883475479663505e+28 2.098228142683670038e+28 1.320134180499240549e+28 1.562779882255727732e+28 1.118985337638808117e+28 1.272713017754129356e+28 1.304155734129800506e+28 2.242650067605673752e+28 1.174325929176255782e+28 3.422370247615516118e+28 3.640060518431039916e+28 2.971488703065165932e+28 3.221371681267903575e+28 3.090790863840700556e+28 3.089860003294211114e+28 3.147889259226766954e+28
5.203112650192258468e+28 6.555635709580679836e+28 7.608743961107070746e+28 6.080694338987533737e+28 8.999055753833590388e+28 9.388690696225184762e+28 8.342330048738310060e+28 7.404883486051007630e+28 6.954702589343370767e+28 8.018720529710386153e+28 2.609653409322016038e+28 5.587967811815865308e+28 1.100883835945589172e+29 1.504954998263093459e+29 9.699790867469564879e+28 1.694527113794676791e+29 1.726757474067933540e+29 1.520045455700100032e+29 1.546908463961176225e+29 1.599529517597843100e+29 1.535841706976259047e+29 1.591471617123851992e+29
5.287949123419339638e+28 6.484889228586130702e+28 7.626435596694113529e+28 6.224360770465985373e+28 8.907912463708891599e+28 9.589213137711509093e+28 8.390226623683716130e+28 7.277391705519193841e+28 6.922583337171145827e+28 8.009957158273919760e+28 2.534862046486369957e+28 5.599104535024543917e+28 1.094074050169730975e+29 1.492243109425603353e+29 9.624218826315878779e+28 1.700745573205031044e+29 1.731231006599181174e+29 1.526873121357399892e+29 1.550975491568031430e+29 1.605433083222108400e+29 1.541969071208949378e+29 1.597770943883201140e+29
5.097113506117935083e+28 6.408029189754041777e+28 7.637144540677219105e+28 6.399881123486631903e+28 8.858999587474228791e+28 9.756105222521638838e+28 8.423323003913384420e+28 7.260979141940312400e+28 6.930568571020937313e+28 8.092079174456335291e+28 2.486972220155716272e+28 5.718975489925610410e+28 1.090125769677400825e+29 1.489767574585858322e+29 9.578684858072957581e+28 1.701288440859471795e+29 1.730312906930500933e+29 1.526075668846085979e+29 1.546474182994569195e+29 1.605174749651866294e+29 1.539520668477734212e+29 1.596377651998924526e+29
5.032672732129256829e+28 6.319128767340915532e+28 7.565059218980543030e+28 6.529235341624541947e+28 8.757264283163623565e+28 9.832345095876719386e+28 8.378515153196679753e+28 6.912412287057951920e+28 6.727625176635490619e+28 7.894556198508627692e+28 2.356598227329485765e+28 5.610121177882627953e+28 1.068760040353794371e+29 1.469162909398866592e+29 9.369102717578765031e+28 1.697017191437342143e+29 1.724478401846869064e+29 1.523631750077953402e+29 1.540930988259929847e+29 1.601379676280135368e+29 1.535973845713948499e+29 1.592750426661701924e+29
4.865666564149328140e+28 6.196673329216261814e+28 7.650590872902370299e+28 6.702337723031445253e+28 8.710182883711249783e+28 1.011013040860170324e+29 8.558429081529229152e+28 7.210294762926171655e+28 6.984184153540775879e+28 8.238216390741070543e+28 2.480640679915779268e+28 5.892110274783302105e+28 1.096236979793905454e+29 1.500464157857930832e+29 9.626844702956928484e+28 1.718748815013007917e+29 1.745679111920006800e+29 1.541187923835583088e+29 1.554775010567609421e+29 1.621165186718914296e+29 1.551890060283170655e+29 1.610547475578749411e+29
4.780834384290393027e+28 5.972507704008719172e+28 6.570039254025043007e+28 6.396558284680169320e+28 8.045783668576496089e+28 8.823107252879975667e+28 7.083231220876065966e+28 4.601188457377042281e+28 4.864589238822252810e+28 5.904899384098071533e+28 1.280783113153291000e+28 4.414651184146734066e+28 8.396771482547573209e+28 1.227678082272110504e+29 7.243998376717003323e+28 1.497152991622492781e+29 1.517487226046880456e+29 1.351514080813843338e+29 1.358912328282436786e+29 1.414815160228598683e+29 1.358906399421935886e+29 1.408261939808977975e+29
4.321916138413799263e+28 5.514646239583732769e+28 6.172196344835024119e+28 5.949634328487630432e+28 7.573296336029198050e+28 8.459651597021612991e+28 6.830859045009980498e+28 4.483169305294842228e+28 4.797165016481549459e+28 5.738754040194404334e+28 1.637170774629493612e+28 4.097361191600038837e+28 8.599944056762021744e+28 1.270176296816658938e+29 7.532924727916722369e+28 1.467967466259795100e+29 1.488421885472689934e+29 1.321957171916188275e+29 1.330956743395658893e+29 1.385475253638430350e+29 1.330977626198255034e+29 1.379806139081533530e+29
4.387956240317396984e+28 5.486432796943124978e+28 6.159086878587210407e+28 5.905027462713381030e+28 7.527174155565648912e+28 8.458928526473589734e+28 6.842500032565177207e+28 4.488677573022087077e+28 4.816285060140846357e+28 5.736742044382846031e+28 1.661224072050997035e+28 4.054504837185472201e+28 8.649977996532298817e+28 1.275849988939078641e+29 7.585249740906885266e+28 1.471479455222256889e+29 1.491966807664489212e+29 1.325482120906556794e+29 1.334643257910721811e+29 1.388926731628408541e+29 1.334663790000409061e+29 1.383459153088131906e+29
4.538344654757896454e+28 5.653960047187159393e+28 6.370722724724542744e+28 6.297322650010738986e+28 7.707091431160474459e+28 8.814398563024589244e+28 7.050611160818402986e+28 4.525940481845228033e+28 4.886752455370799830e+28 5.887566606393666847e+28 1.461254350759560555e+28 4.300774370307571967e+28 8.558810504931464881e+28 1.251547207580846787e+29 7.433702756432135856e+28 1.495866257577259979e+29 1.515101904715327236e+29 1.349299395351060100e+29 1.354786878348908869e+29 1.412939753137678772e+29 1.357123799230754147e+29 1.406314871293184681e+29
3.958937870517307750e+28 5.553355952277477172e+28 6.639986859053303992e+28 6.613281211091004044e+28 7.855288384636234390e+28 9.357628289335883503e+28 7.541314191153826316e+28 5.507556972214276699e+28 5.644159896068732606e+28 6.869547393243574751e+28 1.903848531335720789e+28 5.019655980468299780e+28 9.418364327151620267e+28 1.355077644146486813e+29 8.231577723799790159e+28 1.560473661713810823e+29 1.580211768526577597e+29 1.399053854502423989e+29 1.400117433508857111e+29 1.471209661196225077e+29 1.404960972622299985e+29 1.459278004150919076e+29
3.877323922821732694e+28 5.736574580417055028e+28 7.057868574430863099e+28 7.184028099420273830e+28 8.227806306141738114e+28 1.002538719834352937e+29 8.091482828390839009e+28 6.030909036153412075e+28 6.138434011270818626e+28 7.520031919793816786e+28 2.019610790255019408e+28 5.633029431214054855e+28 9.912861714842759553e+28 1.402636867859688912e+29 8.633898499409523054e+28 1.638286934124440519e+29 1.657761113944825879e+29 1.467872372340569089e+29 1.465251115283180476e+29 1.544802156361214810e+29 1.472415436321242526e+29 1.530021844742268720e+29
3.824208438348887214e+28 5.804243347528322561e+28 7.149698570023482174e+28 7.509516053619302823e+28 8.324889476660013928e+28 1.024302012761956323e+29 8.171222048458424323e+28 6.032309066594559062e+28 6.151936429121036755e+28 7.608563890000166279e+28 1.870889430084342547e+28 5.842502577725161675e+28 9.779048049589035288e+28 1.374151500733924454e+29 8.473759121267286079e+28 1.639973787957715336e+29 1.657734012152273739e+29 1.470010569508256168e+29 1.463655636478917702e+29 1.547011556032658759e+29 1.472955671010167489e+29 1.530935440066510655e+29
3.886949979997956911e+28 5.511810896365457017e+28 6.793125010689961409e+28 7.300687530489464228e+28 7.870360566248619931e+28 9.982161131073182345e+28 7.901558088712780559e+28 5.592520358171681414e+28 5.831767550175500565e+28 7.218283314226214713e+28 1.780009465396989070e+28 5.487628939213727902e+28 9.466689204017556772e+28 1.346823709142844411e+29 8.222411366768903551e+28 1.602166591904306960e+29 1.617742454058995354e+29 1.437633165197636056e+29 1.427850156884540105e+29 1.511887347926278524e+29 1.439323311015432743e+29 1.495848046470513659e+29
4.386337681329670710e+28 5.569340304216734972e+28 7.386242863871130040e+28 7.765727485253713797e+28 8.095977437404012786e+28 1.096180195580358871e+29 8.867896426870107999e+28 6.587049725678399596e+28 6.811717391041757460e+28 8.333669315700935855e+28 2.216365524311536699e+28 6.273710791785194329e+28 1.070961883004127892e+29 1.481458205434070187e+29 9.371366967356201279e+28 1.756038842493854785e+29 1.771903818030654875e+29 1.576854488298111106e+29 1.562858306193427600e+29 1.658210672649856535e+29 1.577710915154203062e+29 1.639091725352557190e+29
3.563839671256280231e+28 5.192564116711517780e+28 6.396648063717805084e+28 7.381468916453049062e+28 7.520971879694522879e+28 9.867196444637604589e+28 7.696489573267479077e+28 5.164305837171439869e+28 5.519045603528143928e+28 6.937354655904229936e+28 1.736719631743265270e+28 5.341544055084554655e+28 9.131359333747678559e+28 1.327860913155612728e+29 7.934860358040894144e+28 1.570653559948225791e+29 1.582839172685780505e+29 1.408430256640496648e+29 1.390363831621444547e+29 1.482121865132313111e+29 1.406540621769921181e+29 1.463256474265060014e+29
3.612330138626548448e+28 5.065506750068792312e+28 6.295181396983379825e+28 7.461021875740862737e+28 7.389212240142246198e+28 9.937270664459420194e+28 7.718129973876556098e+28 5.073470533260962628e+28 5.483614394725377502e+28 6.914885668345079017e+28 1.706093501812289895e+28 5.347788789619295027e+28 9.081836764880995071e+28 1.323358860962800054e+29 7.892627289420248636e+28 1.572604264550477152e+29 1.583320256493222718e+29 1.411152348747133714e+29 1.388975644658165394e+29 1.484761886199031138e+29 1.407461386333557353e+29 1.464743309230547320e+29
3.702547978419840970e+28 5.018813987249991628e+28 6.453016249051590155e+28 7.760844916961344466e+28 7.460287343284045862e+28 1.035489844025151390e+29 8.085707291333878933e+28 5.338469617005650796e+28 5.789405368107364828e+28 7.287908895151515368e+28 1.803660083181734327e+28 5.670245035302409636e+28 9.449253239354948308e+28 1.362638004590990188e+29 8.221560151990009229e+28 1.627751540658048177e+29 1.637453251465493105e+29 1.461648527908941054e+29 1.434683568474607657e+29 1.537961253663879542e+29 1.456073944137255762e+29 1.515791593653428921e+29
3.783298600573552192e+28 4.997842309222600463e+28 6.485993084086774459e+28 8.000886707670645280e+28 7.485736420006112976e+28 1.055369998858711071e+29 8.183478965197916445e+28 5.392419300984267803e+28 5.850002505590107305e+28 7.396690509183159538e+28 1.698711071756946107e+28 5.851514513217839186e+28 9.416746086312714251e+28 1.346279344795529708e+29 8.173327428916863181e+28 1.633633619011695380e+29 1.641657828900454987e+29 1.468252538486917289e+29 1.436954912990641131e+29 1.544683851130513836e+29 1.460672162919349168e+29 1.521324202213957006e+29
3.736596324423661691e+28 4.852003121453128045e+28 6.317898429354233148e+28 8.106182849773833673e+28 7.371868746659254345e+28 1.056263095797828366e+29 8.128852833047031577e+28 5.302978636188573095e+28 5.765858065854353873e+28 7.355694601430702710e+28 1.682683648428642019e+28 5.880046906698990108e+28 9.302322820452215932e+28 1.340435005206644050e+29 8.073007473796253112e+28 1.621688916844368556e+29 1.627786967869108637e+29 1.456788901027958207e+29 1.420212950695207653e+29 1.533537290951168504e+29 1.446103502609440457e+29 1.507938573345275088e+29
3.788385055566840311e+28 4.831624392697429770e+28 6.383203840458014393e+28 8.367587763463908664e+28 7.403256490470961420e+28 1.084322990356984325e+29 8.350561635555661263e+28 5.358076019640181877e+28 5.890777678976428021e+28 7.506455459199428814e+28 1.661897165775138861e+28 6.065543327719499362e+28 9.427385388446708084e+28 1.346787913580873333e+29 8.170617310255900391e+28 1.653357775750173489e+29 1.657722728484982534e+29 1.487285985207500427e+29 1.446588441175169755e+29 1.564577973334344720e+29 1.474652011363384402e+29 1.537458113339230472e+29
3.823953400327340705e+28 4.710479023743768408e+28 6.245425290830050075e+28 8.454964360624458102e+28 7.276314033489114980e+28 1.086571241379286810e+29 8.317722285690367722e+28 5.252048663993832418e+28 5.814968560586662062e+28 7.447517773978573197e+28 1.605008040983596410e+28 6.077713168601155236e+28 9.310695756023947561e+28 1.332537813285071461e+29 8.063061217868733356e+28 1.644252537588758248e+29 1.646577657150403862e+29 1.479665503018525129e+29 1.434708851224605140e+29 1.556538963395986407e+29 1.464716234139353234e+29 1.527933482260608999e+29
3.790255539096231925e+28 4.511906306136723505e+28 6.011848941230773582e+28 8.476651560848613944e+28 7.069866197513517979e+28 1.081491395707155551e+29 8.260978708601889791e+28 5.027075339460640921e+28 5.670252222593650868e+28 7.296596270721439532e+28 1.636347189048427508e+28 5.979250073435602762e+28 9.205287306257975331e+28 1.333632355394048605e+29 7.976720478705646792e+28 1.639631029172504874e+29 1.640221423003771042e+29 1.475749578055103324e+29 1.426579200859280138e+29 1.552564195597851396e+29 1.458557514814729317e+29 1.522479126118881974e+29
3.893558099233555621e+28 4.528289166366789237e+28 6.168497352063298510e+28 8.784135229453014081e+28 7.134957820200961044e+28 1.117093081834932442e+29 8.573573839300849626e+28 5.142345566145685881e+28 5.872573775568555291e+28 7.509013515629110867e+28 1.593223325248032317e+28 6.217545342600566987e+28 9.409422705903491227e+28 1.340001643357829845e+29 8.142645462755758695e+28 1.684075991579432623e+29 1.683264676030012054e+29 1.519220407733518535e+29 1.466850681085092158e+29 1.596568263062713485e+29 1.500713160163447309e+29 1.565877809607975917e+29
3.896190052276827381e+28 4.337319117656880529e+28 5.961923178204125483e+28 8.878974527100940046e+28 7.005388306281993786e+28 1.117122431704881068e+29 8.525717569725175278e+28 5.051581814689991656e+28 5.785444642701549579e+28 7.468891802345796207e+28 1.639871827044380722e+28 6.239285954460086185e+28 9.336584483907757706e+28 1.344475960493826698e+29 8.086172288197695724e+28 1.675356417687798223e+29 1.672657397658196169e+29 1.510172676734095688e+29 1.452617164862973088e+29 1.588599291761584732e+29 1.488204255190070192e+29 1.555266666672140793e+29
4.536891608618469964e+28 4.186082295100280730e+28 6.134455997888330891e+28 8.923919698672739900e+28 6.794623173771847499e+28 1.152231347113881354e+29 8.989779868782257904e+28 5.433655232557737393e+28 6.209510593071415288e+28 7.930475995885507817e+28 1.762969110817980007e+28 6.510230272060777611e+28 9.932635093544816441e+28 1.405277788952472495e+29 8.679036574410528153e+28 1.751630722455690737e+29 1.747818131799454136e+29 1.582718028260966045e+29 1.521148767543053430e+29 1.662784639964293754e+29 1.558938377204966109e+29 1.628420393107449204e+29
4.608978878022698977e+28 4.009617141980129126e+28 5.975164518107869457e+28 8.983705007403144308e+28 6.629255077691792681e+28 1.151799780911520610e+29 8.995945775522674852e+28 5.320664228334333939e+28 6.146802264775987691e+28 7.868941426825473466e+28 1.764807771727951430e+28 6.498038489262398639e+28 9.887767438511701386e+28 1.403171548831654432e+29 8.648355518267843331e+28 1.752445171835275466e+29 1.746570879483846457e+29 1.584229805864821952e+29 1.518787654922478338e+29 1.664095903226400091e+29 1.558080565878311031e+29 1.628508338787636410e+29
4.161477128392712665e+28 3.605209858941647530e+28 4.859455998856737086e+28 8.245959293877629764e+28 5.899417492165397051e+28 1.018650468976756323e+29 7.669825678997092203e+28 3.846940614813359500e+28 4.791940282878698422e+28 6.233303074329631348e+28 1.391972239460506708e+28 5.240469797932136070e+28 8.221672250688636123e+28 1.231207565518689598e+29 7.115402553634178065e+28 1.549586854143693932e+29 1.542125829553105796e+29 1.400755909430444459e+29 1.338939680557548308e+29 1.470609189223035694e+29 1.375631065731050922e+29 1.439240862623985773e+29
4.179642575938919108e+28 3.454405689407830313e+28 4.649520738749845809e+28 8.258682343968324460e+28 5.717383552322758179e+28 1.009344641655856316e+29 7.598789497107713466e+28 3.618942262851298717e+28 4.634103422493983950e+28 6.032789407580069797e+28 1.371230308141465878e+28 5.119071779731982924e+28 8.053386029879893194e+28 1.214887224347061257e+29 6.962117877513136711e+28 1.540177536711902020e+29 1.531197651003791145e+29 1.393586539501222417e+29 1.329223498414225707e+29 1.462292973981609408e+29 1.366972538385073763e+29 1.430699095380096282e+29
4.182465176799383420e+28 3.534811552231001218e+28 4.759569072225838800e+28 8.572118657194065203e+28 5.842801971570122394e+28 1.034566259206806005e+29 7.786659216562508386e+28 3.704307218785425720e+28 4.740491337008807470e+28 6.136626477266635235e+28 1.203493064496209117e+28 5.332221195952370554e+28 8.066209957934957722e+28 1.191572319653117920e+29 6.939067702520645503e+28 1.558540400856101958e+29 1.547915134891418661e+29 1.413009945892874941e+29 1.346120790589534121e+29 1.481319897607686426e+29 1.385022978194485061e+29 1.449432434492841253e+29
