9.517683675808565891e-01 9.032701400527358704e-01 9.720503802951082628e-01 4.731138567932044459e-01 9.669789681512510615e-01 2.022078786431559250e-01 9.073214213957743191e-01 4.348319780159553893e+00 1.650701550350222480e+00 3.365581161354573858e+00 7.062262857137845407e-01 2.763677774756168937e+00 3.008741753758461979e+00 1.394703527644185481e+00 3.885077301894244606e+00 1.302203957418162750e+00 1.363873948269694880e+00 1.182104239107849342e+00 1.339962229617651657e+00 1.197321105820247755e+00 1.217310117062413433e+00 1.168958109706402571e+00
8.874202114889893078e-01 9.640375491564949773e-01 9.952719788812853796e-01 8.252743587055169083e-01 9.924690532272881782e-01 7.048070869770801661e-01 8.865338177179540313e-01 1.097410800092962768e+00 5.706134322627103295e-01 6.920522243794900996e-01 7.603079170158593136e-01 7.149587003160312593e-01 5.737310475105807939e-01 9.134012876806524295e-01 4.404434981756565892e-01 1.013151792840139676e+00 1.036142997046539449e+00 9.679522640652289400e-01 1.024311804117854496e+00 9.871126207285624288e-01 9.792473149819245215e-01 9.686439771026353895e-01
9.874936157906512024e-01 9.598756655589417708e-01 9.843654578307189373e-01 6.844112969444730021e-01 9.738699009999589595e-01 4.388766982949809381e-01 9.414527816725822840e-01 1.902314997953197695e+00 9.205144911677385355e-01 1.395427058743314630e+00 8.278114652402067675e-01 1.218738356416005253e+00 1.082341145333191479e+00 8.203017771070501007e-01 1.379144349777132073e+00 9.878854795856788495e-01 9.946129431660513109e-01 9.592609704309179586e-01 9.741790409355580715e-01 9.781298254456040064e-01 9.647561643051242308e-01 9.641953310568317503e-01
9.867247085771966297e-01 9.648182833353646792e-01 9.803867951441265216e-01 7.046581906525991590e-01 9.741433696132477671e-01 4.579249427414996965e-01 9.419864133308191168e-01 1.852596816424677550e+00 9.055203630579121699e-01 1.346543192783720144e+00 8.351053901275534708e-01 1.189486402012164712e+00 1.034003309914629742e+00 8.172750352468338697e-01 1.312368862295444805e+00 9.883408969064165772e-01 9.947396634521534775e-01 9.607914799431056529e-01 9.739432986559105609e-01 9.790833938203209463e-01 9.654997497778798898e-01 9.654467725746255224e-01
8.494645055975732495e-01 9.769717395793239278e-01 9.909989341295346588e-01 8.381688083037767134e-01 9.935772184188720324e-01 7.395222859400335524e-01 8.822103955161435529e-01 1.055581817278581358e+00 4.455026029877617866e-01 5.811823058287856059e-01 7.556665713994147326e-01 6.216267801243479107e-01 6.179677887231115330e-01 9.214271956301594013e-01 4.201231224627243743e-01 1.021036486540064514e+00 1.050681711694897880e+00 9.634557212635060930e-01 1.033954385989038771e+00 9.865060391844460153e-01 9.794045415801725385e-01 9.645457933337927559e-01
8.350782835376979740e-01 9.769826180711406183e-01 9.901306247436750807e-01 8.472850509225262616e-01 9.940040376392940136e-01 7.516822831145731909e-01 8.783938413912928400e-01 1.012405454520658665e+00 4.160427730841327887e-01 5.309916599226738310e-01 7.566339933715732213e-01 5.939612959839756234e-01 6.238946557751628985e-01 9.276497460890629210e-01 4.067804622423818461e-01 1.019730355846987235e+00 1.050082766691890601e+00 9.610543583558806002e-01 1.031366382214348398e+00 9.844030058913713077e-01 9.763045105259899881e-01 9.616432054031405219e-01
9.723816389457696774e-01 9.717431628870963900e-01 9.678844689539566337e-01 7.472308167895180819e-01 9.669329874888200616e-01 5.192852201662309097e-01 9.388637967505419901e-01 1.724424233727087419e+00 8.760394346391594533e-01 1.221210020885541425e+00 8.565453650915224593e-01 1.123796757442235839e+00 9.338771047847612694e-01 8.137727413123979625e-01 1.163415117689629019e+00 9.902565079686822536e-01 9.966945602365788748e-01 9.635388785225464936e-01 9.744885524183010128e-01 9.810871992994760760e-01 9.672571931013013158e-01 9.680477925741917122e-01
1.031896817208027839e+00 8.746904296580139127e-01 9.702826161174680220e-01 8.833079434109154526e-01 6.441808167390098427e-01 9.815877776185157888e-01 7.851160831178144450e-01 1.057645890964773017e+00 4.183191911619462688e-01 8.968075145030779405e-01 8.571078649105893232e-01 8.118541227517083181e-01 1.024596549456559202e+00 6.159867233324715086e-01 1.146062720254196199e+00 1.185812933495968391e+00 1.267513263423922121e+00 1.064481374387220347e+00 1.272972727012120941e+00 1.120082677317616682e+00 1.206898145013806767e+00 1.140641461935959500e+00
8.991161807281790042e-01 9.706383632525565908e-01 9.727945910337474356e-01 8.386983833672944089e-01 9.588430571761231702e-01 7.009932403519776312e-01 8.398690334549916425e-01 1.537091860900990259e+00 5.142821184025281323e-01 8.878473188717279641e-01 7.317316712036304738e-01 8.404490795715104934e-01 4.907386320092090859e-01 9.111426636759758502e-01 4.881606757900796567e-01 1.261620613779010247e+00 1.355645583592104852e+00 1.122397623469549188e+00 1.333639021223423482e+00 1.155236078870618410e+00 1.210340588759253766e+00 1.139207503014844969e+00
1.200812374486121881e+00 8.439086979361692942e-01 9.507025619004729755e-01 8.842613876194225231e-01 5.759304374825625628e-01 9.831121333038645993e-01 7.686970227521194854e-01 1.164060697383793475e+00 4.594434900427252777e-01 9.922219997639052380e-01 8.330890417927467873e-01 9.730262456994698272e-01 1.240340404061575530e+00 5.313118082173304835e-01 1.333612486315181922e+00 1.222589623260984748e+00 1.315545193490541553e+00 1.077896679485009113e+00 1.321786414766527695e+00 1.150516382913135738e+00 1.256441371579895661e+00 1.183445947135607801e+00
9.944435666092575898e-01 8.664087889584870528e-01 9.534440229456896398e-01 9.027538436035348335e-01 6.374662543808072845e-01 9.865965091447678192e-01 8.016948211467992413e-01 1.047709713715140323e+00 4.017928556026808540e-01 8.639781944810726033e-01 8.584048262511042582e-01 7.860318123937410917e-01 1.039115106428270874e+00 5.763025213653834022e-01 1.143697623266955121e+00 1.131778900692447687e+00 1.192154358082229137e+00 1.041253507702388559e+00 1.190048913201159797e+00 1.085522612636294015e+00 1.146736220769144277e+00 1.102709363115865537e+00
9.084248966776329315e-01 9.667779441981094735e-01 9.653989309937138774e-01 8.600636980654984276e-01 9.365331342911540347e-01 7.415551874528847343e-01 8.404173116245678976e-01 1.441738016903528319e+00 5.118881591916897289e-01 8.033474916958376344e-01 7.543411407582018002e-01 8.027500015485395934e-01 4.181494574220431804e-01 9.127364727599864835e-01 4.910095477593429680e-01 1.262407658092394191e+00 1.359587552914231390e+00 1.124047294338517133e+00 1.322267713033078662e+00 1.155565447095190379e+00 1.205573586711534029e+00 1.137932932608215930e+00
9.298252356475213976e-01 9.998710936130902338e-01 9.961716376766042158e-01 9.778813509436387053e-01 9.812068661988470053e-01 9.548448357292873556e-01 8.138255202674575806e-01 6.383490207096362834e-01 4.049877091863106071e-01 5.068739005665940933e-01 7.759598718925008187e-01 4.000237432622718026e-01 3.501704345444935362e-01 8.482444413560962237e-01 3.914538036326899451e-01 1.348367259046365119e+00 1.460412488616865012e+00 1.145303775841271854e+00 1.434631295640051762e+00 1.204640125211467572e+00 1.284046585158031606e+00 1.200338428495759668e+00
1.136295973567490458e+00 8.914837994541980892e-01 9.627741426739504504e-01 9.018739074602023509e-01 7.929804758211550508e-01 8.750403367375864105e-01 7.062769361811043201e-01 6.851328530359672708e-01 9.252753878050915537e-01 8.424597914123644893e-01 9.571485479515660089e-01 9.353557270562068426e-01 9.269916633734262001e-01 7.408890017901088587e-01 9.834992954114407659e-01 1.860531933785424030e+00 2.061699844492098865e+00 1.486416135121652937e+00 2.011011962939346809e+00 1.618730141603839989e+00 1.795401765521082105e+00 1.631798188040717745e+00
9.300783558646742444e-01 8.869860486835465796e-01 9.444905235333029836e-01 9.388605626527660730e-01 6.665016817778185443e-01 9.907012867611211249e-01 8.071467819462011528e-01 9.069840260368683404e-01 3.741972474201007426e-01 7.027976672861214746e-01 9.390108939593708737e-01 5.381361361872522009e-01 8.911358923979835200e-01 5.983854654431803866e-01 9.966821663976070944e-01 1.142258604515775433e+00 1.210031776819398441e+00 1.045508169029532031e+00 1.185323903299202897e+00 1.086364702337146548e+00 1.136030373179150343e+00 1.092490357495057962e+00
8.889961355507491891e-01 8.991945290859642004e-01 9.474302063717847666e-01 9.549553170107034639e-01 6.915471542876181488e-01 9.910414589750673464e-01 8.128601193951602299e-01 8.986546405815997174e-01 4.686898886085146820e-01 6.942395717883567130e-01 9.695786062135491878e-01 5.064075006088534225e-01 8.257328433188289019e-01 5.912239273470657475e-01 9.420942271817062119e-01 1.137296684345924902e+00 1.203604633394039114e+00 1.044471274179235909e+00 1.172513247689425109e+00 1.081075739869941543e+00 1.122526245152317248e+00 1.081835907907559902e+00
2.441921339564815385e-01 9.016317742516958278e-01 9.591436471491802118e-01 8.047387512770490803e-01 9.796921059484664518e-01 6.651752164230670950e-01 9.072774615160467127e-01 1.547629680536206864e+00 4.795096589994396474e-01 7.784005591679752367e-01 7.575899048093222010e-01 8.600028882750482273e-01 6.579458265012798623e-01 9.847189554420131552e-01 5.169367367097900123e-01 9.112029550971251224e-01 9.107113062340761456e-01 8.896710599158308419e-01 8.517189062624132001e-01 9.114863461263668087e-01 8.432079908432800197e-01 8.629967456806415527e-01
9.340720688509468461e-01 9.756612705106426642e-01 9.624064786797755788e-01 9.388370904631720970e-01 8.875720740522566876e-01 9.099134867454005127e-01 8.410970677639049153e-01 8.708900686624416743e-01 3.371419270949020386e-01 2.916428820102376362e-01 8.072980583052440373e-01 3.383151465110781353e-01 5.127780916561045649e-02 8.618266339805126242e-01 2.843645982499765634e-01 1.296706982242912476e+00 1.401033983183461507e+00 1.141639096401266817e+00 1.332812612672879871e+00 1.179625591079564773e+00 1.220936803016683170e+00 1.157140182776148496e+00
8.907781619669348228e-01 9.748015140398681444e-01 9.713638221574477649e-01 9.453127727811082570e-01 9.275426010504128627e-01 9.173876148747283077e-01 8.724616628951116226e-01 5.606946872137771321e-01 4.321905182493013253e-01 1.442855341650110534e-01 8.377853941888274703e-01 2.936880314912039269e-01 3.478984423459164366e-01 8.598485209066638602e-01 2.936403984885700980e-01 1.070471418507215278e+00 1.115560753383984416e+00 9.964413504304598934e-01 1.063878607865488934e+00 1.020150310746925859e+00 1.012807798403811299e+00 9.967009301972526991e-01
9.205429161500091606e-01 9.774916236122576096e-01 9.711786602756320441e-01 9.602115280246408258e-01 9.020351331931751870e-01 9.432979828881027373e-01 8.679244092196771732e-01 4.853796453312870240e-01 4.810187504498959488e-01 1.784732960113747380e-01 8.534942774942841925e-01 3.128343209689327109e-01 3.049474341817081102e-01 8.335706652941582417e-01 3.672978038094620312e-01 1.083883426514610893e+00 1.131654100130659923e+00 1.007757456392091466e+00 1.076345605077496437e+00 1.031301144044047602e+00 1.025745842421530662e+00 1.008865832046528244e+00
9.026680286328140346e-01 9.838785673137172560e-01 9.862461733503615768e-01 9.651801568080227156e-01 9.830020793754817854e-01 9.743243923281384999e-01 8.123511113617422064e-01 7.098381423739877905e-01 3.793003143662088128e-01 4.714401308141376590e-01 7.754857571544092609e-01 3.625250156506024668e-01 4.834589439638021791e-01 8.838108506066666425e-01 5.475692917487503530e-01 1.374522669647601392e+00 1.491342860853272168e+00 1.167484085969690222e+00 1.420704447631912171e+00 1.225945443699464787e+00 1.283142768728893657e+00 1.212264049517834064e+00
8.981620582654179508e-01 9.749984148423231911e-01 9.757397653809122273e-01 9.661992563632380016e-01 9.054996174266567444e-01 9.511836336721547491e-01 8.631009997188714422e-01 4.077323315052794883e-01 4.748148625087635355e-01 1.620020036946352160e-01 8.516879359392909299e-01 3.036739429415705738e-01 3.769380411140724751e-01 8.555727467867987324e-01 4.365231565051494456e-01 1.088968862799457593e+00 1.139167038185972647e+00 1.008509580328299737e+00 1.081982971232797519e+00 1.033362239197232801e+00 1.028077140284219260e+00 1.009956662671980920e+00
8.210533395031439641e-01 9.432561759616483466e-01 9.545367222538242435e-01 9.215846731432684180e-01 9.068639103291108450e-01 8.653118484797824861e-01 9.032898953098085215e-01 8.386504898029887300e-01 5.967437487256171957e-01 4.197075790691851549e-01 8.615334098599027879e-01 5.423796703256723584e-01 2.663872515326704549e-01 8.496959648382279573e-01 2.761449004399520873e-02 9.918985111473898053e-01 1.006688049113160899e+00 9.583435166952974926e-01 9.604122646537787134e-01 9.752860722866675269e-01 9.463269228652766429e-01 9.526232946477882768e-01
9.158605628521752084e-01 9.759195071899583462e-01 9.693984389848928629e-01 9.661110160372403666e-01 8.915097298032234052e-01 9.560128153870625090e-01 8.695165812499755509e-01 4.201596379712440044e-01 4.823289621827377416e-01 1.577720691107768747e-01 8.560356638630550741e-01 2.715738448755998236e-01 3.311738784942860891e-01 8.220128704080826854e-01 4.115859250696407012e-01 1.086159021929218760e+00 1.134749098319317806e+00 1.008209451446001825e+00 1.072870796300553708e+00 1.032267059731998726e+00 1.023665451941316418e+00 1.008764265041083075e+00
1.158162740482138187e+00 9.043070495497418371e-01 9.192662104000125511e-01 9.552190910095085252e-01 5.850707767444510710e-01 9.767860179833586232e-01 8.221509620628643100e-01 7.386890382428674684e-01 2.748036625521677045e-01 5.272839065187249208e-01 9.533521678875703786e-01 3.302373676969184157e-01 9.780769645431798276e-01 6.965671362438755621e-01 1.037434954145866728e+00 1.158363036648067501e+00 1.226889925842245432e+00 1.050118656401886064e+00 1.192861031083717993e+00 1.102660384721962705e+00 1.155383107203981741e+00 1.120805091643927831e+00
1.142996993095563907e+00 9.120748689425119959e-01 9.236574536084811715e-01 9.669862986195687515e-01 5.791404359414591418e-01 9.784392309879959004e-01 8.187482950776473478e-01 7.201305452861225254e-01 3.435041254001786615e-01 5.311964333372045655e-01 9.702835072202944389e-01 2.966879801456984156e-01 9.692600810769969044e-01 6.251967006888610179e-01 1.033880505397968053e+00 1.176151185257406029e+00 1.254823710499450184e+00 1.056297982475802089e+00 1.210192553515029967e+00 1.112091636013148310e+00 1.167067912037426103e+00 1.127529410218362615e+00
1.313212452232861427e+00 9.119875981531566644e-01 9.113535508292023302e-01 9.598987961762470711e-01 5.663769190108821627e-01 9.682268365989236125e-01 8.211559136285299099e-01 7.648717081498183079e-01 2.081202738002809194e-01 5.277106218300050555e-01 9.454326916346216247e-01 3.881315251984699399e-01 1.035807074559659480e+00 7.261161659173259730e-01 1.074353863472639281e+00 1.176523562884461471e+00 1.249124460449341001e+00 1.057131907775028967e+00 1.214504601212887724e+00 1.118037970917704627e+00 1.178674716159936908e+00 1.144810249494167653e+00
1.052036660272688273e+00 9.285247327399581696e-01 9.265054516961280795e-01 9.757381829223089609e-01 6.352000759379390349e-01 9.705768867122260835e-01 8.390403405762798528e-01 5.975159934071533341e-01 4.129338618851202125e-01 4.714498041805886275e-01 9.788897512882650531e-01 1.983246119449572353e-01 9.046168059308701270e-01 7.065844751375928157e-01 9.768418061249138917e-01 1.133344694370320038e+00 1.194445540167582420e+00 1.039875342087283050e+00 1.152267138269077229e+00 1.082393451002797269e+00 1.118781716568904461e+00 1.092285680520898694e+00
1.213261031008871615e+00 9.248542959749065373e-01 9.228020175089376442e-01 9.755498348741997727e-01 6.037342038806732258e-01 9.650264720271869434e-01 8.363465245995187480e-01 6.368004519496515137e-01 3.097339915345946881e-01 4.913350148012413099e-01 9.631034837576033514e-01 2.783329474376910473e-01 9.690621198982379836e-01 7.387246530004408784e-01 1.019253568488486028e+00 1.143360497742547333e+00 1.198627358468244308e+00 1.047326238686578481e+00 1.168407318345634271e+00 1.096578459417896667e+00 1.139500717690689502e+00 1.117654627413437352e+00
8.696654515357884474e-01 9.619046910095936376e-01 9.733930325786610549e-01 9.845637640465308982e-01 8.575160295347039607e-01 9.838498393534271802e-01 8.778860045718190896e-01 2.088951675118742857e-01 5.547526612294392256e-01 2.657681034258402852e-01 8.744495741995275129e-01 3.303977646598569295e-01 4.575065640851759818e-01 8.082895838679857725e-01 5.582441593609530628e-01 1.078203730476717359e+00 1.124342722833718389e+00 1.005341654716826572e+00 1.049597253144247011e+00 1.027593511014272876e+00 1.007863641224473694e+00 1.000986001229443811e+00
8.522953158191493017e-01 9.629499521954743013e-01 9.767294188196037341e-01 9.871385833786628927e-01 8.695211547077021930e-01 9.883487202467203803e-01 8.692345982111817637e-01 1.473113519899319768e-01 5.403436038302334987e-01 2.930707546664130803e-01 8.673251930259420206e-01 3.412605120598543595e-01 5.175396595211343431e-01 8.213161789309242344e-01 6.148507496491928404e-01 1.103115163716913427e+00 1.157641863174843522e+00 1.016138231879341491e+00 1.073788216705527487e+00 1.042052629308105383e+00 1.023545892680982172e+00 1.013144085368829606e+00
8.757082023335373000e-01 9.641707787935646090e-01 9.754914223093298364e-01 9.906989846835290159e-01 8.471402119949028586e-01 9.922430494066765139e-01 8.761058042026532711e-01 1.081843662047468763e-01 5.767768295427077030e-01 3.219694079478125359e-01 8.810394727978267948e-01 3.748722390661056725e-01 5.036298159764484028e-01 7.835742042960935905e-01 6.159436521729514391e-01 1.101370940001065835e+00 1.153664082415912562e+00 1.019542651854099091e+00 1.069492247315479760e+00 1.043693126229190193e+00 1.023831344110461616e+00 1.015290054578249501e+00
8.979892767571555634e-01 9.653736027016005528e-01 9.728042895666563217e-01 9.919552996428174785e-01 8.361484763374373852e-01 9.928732220579177259e-01 8.790221979162922139e-01 1.199795505885830060e-01 5.868959164099116776e-01 3.260907832082025615e-01 8.870289976111429553e-01 3.768562069026596961e-01 4.782097679118497147e-01 7.458618044969589356e-01 6.013855984529089538e-01 1.102346051496998935e+00 1.153847751438637825e+00 1.022080874931753813e+00 1.067705570206893606e+00 1.045635038074815615e+00 1.024460292743381240e+00 1.017209061743367560e+00
9.289023717363281696e-01 9.094904838055589691e-01 9.335508031283592523e-01 9.784822508727712975e-01 7.399061506164918978e-01 9.686573472698777332e-01 9.414721519987542253e-01 7.186149040135689781e-01 7.709836477690863443e-01 4.886628537835652208e-01 9.490926851076916249e-01 4.739248354577640931e-01 1.998712521085290947e-02 7.878951732588946877e-01 2.612720644487743216e-01 1.009845277023302401e+00 1.022518377621395524e+00 9.806400709983794650e-01 9.753488090798991816e-01 9.946172441518587037e-01 9.709927019708309848e-01 9.771995030704075935e-01
8.025282795603594366e-01 9.284228974414193702e-01 9.597901952912641921e-01 9.839320429685197711e-01 8.264531740249939640e-01 9.825983740346151407e-01 8.996188543567906759e-01 3.072077409195846931e-01 5.892985701269456422e-01 2.678488775020798074e-01 8.981003241512196533e-01 3.080623373880295168e-01 3.850968344403690735e-01 7.868272030556401342e-01 4.531404283355978668e-01 1.033943929654343563e+00 1.064511682985603391e+00 9.826710259034501238e-01 9.893461361569682033e-01 1.000838762698021078e+00 9.661128842257433735e-01 9.712752633569040617e-01
8.013987272297401487e-01 9.301481114559535524e-01 9.607067277128154004e-01 9.856499548902390995e-01 8.257293899865465470e-01 9.859199248717536168e-01 8.970669434468131476e-01 2.660576433711625000e-01 5.880855868706621470e-01 2.761917700670725728e-01 8.979632644003819886e-01 3.079321650756308149e-01 4.074175375702657198e-01 7.796092281513526956e-01 4.812388138284751093e-01 1.039527424551545343e+00 1.072254145020637095e+00 9.855445292970244076e-01 9.930688602764475847e-01 1.004180391834359920e+00 9.684334215653298550e-01 9.733664792468129656e-01
8.892144971459757796e-01 9.589649239835900119e-01 9.676002053886989529e-01 9.936657514272559943e-01 7.839390524352062295e-01 9.939666060882947907e-01 8.362369802698825794e-01 3.307117728720450067e-01 4.909324320303896094e-01 2.580255660924219985e-01 8.539307209550406341e-01 3.349535551473634687e-01 4.582455603679543854e-01 7.778571022424919379e-01 6.390123019334010834e-01 1.471065037749071713e+00 1.605989945768646399e+00 1.262915687618956007e+00 1.425913383779045418e+00 1.313785947779007257e+00 1.310717157551617884e+00 1.268141317131869172e+00
8.574093870621374291e-01 9.787779763353000595e-01 9.615229521073687113e-01 9.959910254439207078e-01 7.583358326137791261e-01 9.575487905069764993e-01 8.529481992621087416e-01 5.254391055031359947e-01 6.661648721459451084e-01 5.612914576767965569e-01 9.970109937907932762e-01 3.806869832403103615e-01 7.746406922423664243e-01 6.786049825568524207e-01 8.740784510803915053e-01 1.130974616276146039e+00 1.191364743039821317e+00 1.042085924169533939e+00 1.119899849851367701e+00 1.078601501106286609e+00 1.089105053927319711e+00 1.074221818144156071e+00
9.303032397987852642e-01 9.777109031108256465e-01 9.610205013987966893e-01 9.965541831105126924e-01 7.571774307912290114e-01 9.551312533608756761e-01 8.456386771562167670e-01 4.600386878309778438e-01 5.923734065446712993e-01 5.464733339816563173e-01 9.967619957493002447e-01 3.091817849409688734e-01 7.914922411161804394e-01 7.027046949696069689e-01 8.796295441835391138e-01 1.126413877737442393e+00 1.181387762868044478e+00 1.040258874097269803e+00 1.120122135624860737e+00 1.080051104454472499e+00 1.094079037631454865e+00 1.082062166267730330e+00
2.019959876690423872e+00 9.764369288592185114e-01 9.308445613667469809e-01 9.942141456207174155e-01 7.168083288560868072e-01 9.083819749513190045e-01 8.122437081433941941e-01 5.683967037622481566e-01 2.228808286511036740e-01 3.676214227803866197e-01 9.778578735186536086e-01 3.412846719230793746e-01 1.154687817510331893e+00 9.971575036660504932e-01 1.116583661494109592e+00 1.340707838014521869e+00 1.447946452475732615e+00 1.134699966628473833e+00 1.377516208741608628e+00 1.250988138130965099e+00 1.335771720509424831e+00 1.310111866738620900e+00
2.049682173706282473e+00 9.813539217955024041e-01 9.861165322074946227e-01 9.984999223983126448e-01 9.890878967812958278e-01 9.518716785953379445e-01 6.328934346754798712e-01 2.411000389871424510e+00 7.226370859345843112e-01 1.144404045150632099e+00 5.826422555667580827e-01 1.113574296360264837e+00 5.240370775653843127e-01 2.186697990810798409e+00 6.512899802054609166e-01 4.397038955397655435e+00 4.866858687927444471e+00 3.519729380350139269e+00 4.308149712549643517e+00 3.754274113747740671e+00 3.866523202560688599e+00 3.719471750760315665e+00
2.636328835361940293e+00 8.557843354772147748e-01 9.639339708115107763e-01 9.714487000793078364e-01 6.652923185196583100e-01 9.184066182503061171e-01 6.418860316439000124e-01 9.289766758179104356e-01 9.950731944207066304e-01 9.895416268574469543e-01 8.359133159362787113e-01 9.591514422269178386e-01 1.068729482181063339e+00 6.578048496706716541e-01 1.062116849284957310e+00 3.071820984956443290e+00 3.461687463714480106e+00 2.349913272849198265e+00 3.074286449542029676e+00 2.635286778748614278e+00 2.792534931363603423e+00 2.652925889449349039e+00
2.793852948799385949e+00 8.721979772892034521e-01 9.659927965686330165e-01 9.605997994120601957e-01 6.773671056645587107e-01 9.150327802384491394e-01 6.530778517003951178e-01 9.287015157607405591e-01 9.954619234314588949e-01 9.888927228180447448e-01 8.155985511478395233e-01 9.619779014199627554e-01 1.093610588049017673e+00 6.046850075052541129e-01 1.081206887696341878e+00 3.166201601712070879e+00 3.577746151834293897e+00 2.406962308735517642e+00 3.157684865481263703e+00 2.705046572463561283e+00 2.864423441178310270e+00 2.723512826280888977e+00
2.429659973305300813e+00 9.528439516285267530e-01 9.826903594764856420e-01 9.906155046919157270e-01 9.063806286476835394e-01 9.394490206166890012e-01 6.468055539538394294e-01 2.658971416963948453e+00 8.678170170882637535e-01 1.275944038556534599e+00 4.982598337192113425e-01 1.220856753825752872e+00 9.344530437783018506e-01 2.504850718903789186e+00 9.874637275339521736e-01 5.514654933035176398e+00 6.133719400380653219e+00 4.367748356480373850e+00 5.352512703540313055e+00 4.686059628069331850e+00 4.809980823095709290e+00 4.639795020420411475e+00
5.537508932629076064e+00 9.905340181346758976e-01 8.981544501303960759e-01 9.494737233663889109e-01 8.639797793193708664e-01 7.620759067456847058e-01 9.252094701810500421e-01 1.691326924529749309e+00 6.175117381159198615e-01 1.009152995580163248e+00 9.896283052673802150e-01 1.595242635835435241e+00 2.865603482534046620e+00 2.260183556951173234e+00 2.381870372680415127e+00 2.869276692269687068e+00 3.359648603592578553e+00 1.898581624964033931e+00 2.952592693324249229e+00 2.421718967758495822e+00 2.760580894053939804e+00 2.617393610415847505e+00
6.079242645776977483e+00 9.939277602114170440e-01 9.099943587742619355e-01 9.381284306283964591e-01 9.250902434756145265e-01 7.278435935560503278e-01 9.990959010553446262e-01 1.843160479315520739e+00 6.954098644209636415e-01 1.127329870565052738e+00 9.893908656822090197e-01 1.757653622339933275e+00 3.084852426527191493e+00 2.472773179269186272e+00 2.541967209130048033e+00 3.150583520152458128e+00 3.700959724396230222e+00 2.060652316616780499e+00 3.226603887068603793e+00 2.645073768983758011e+00 3.012376435706600297e+00 2.855188798845653686e+00
6.716433279045220139e+00 9.971239508300782095e-01 9.196412108619210768e-01 9.205206155109506572e-01 9.958644461394606795e-01 6.871126109800661519e-01 1.077993387433101358e+00 1.990726808093414402e+00 7.682174097476722752e-01 1.245579962875414282e+00 9.895525143537990953e-01 1.929152033721309056e+00 3.312395269640953099e+00 2.715886679358212152e+00 2.706296169254137851e+00 3.418637040902515523e+00 4.038801185599100840e+00 2.200228415328344678e+00 3.490044423510930471e+00 2.848020292575820900e+00 3.247709435825144819e+00 3.078875020868131251e+00
7.422311137391935709e+00 9.976394314312621026e-01 9.262727160827272099e-01 9.048213759680878709e-01 1.055871138136085019e+00 6.601416724431419247e-01 1.184292963277774779e+00 2.233994975181655018e+00 9.115127816659436277e-01 1.435671237476869422e+00 9.869535027771546565e-01 2.186100099016777598e+00 3.739623153216522944e+00 3.098115311918136161e+00 3.038154009632723529e+00 3.838817507770404980e+00 4.532563627522710803e+00 2.463833687613880663e+00 3.898696441846527527e+00 3.199994302184043793e+00 3.628367494909145119e+00 3.452889896858381658e+00
9.196041308774699274e+00 9.993861626334994419e-01 9.558600280842122210e-01 8.933179955512671189e-01 1.240582260173003881e+00 5.602192004639039435e-01 1.446952648693382137e+00 2.922407837169141764e+00 1.206128838946821658e+00 1.869595726660660429e+00 9.904969561906107334e-01 2.732409129452053165e+00 4.335382697332876845e+00 3.535539942079972242e+00 3.446857422557822126e+00 4.628777740109910610e+00 5.423943858553720965e+00 2.993426520763344811e+00 4.731513510901903530e+00 3.900171837307739864e+00 4.428361408732473414e+00 4.254763479955669503e+00
1.410698075759536207e+00 9.576032908084188833e-01 9.853278297077625592e-01 9.869067368287832709e-01 8.726352066351050762e-01 9.892616823473239229e-01 6.890933705313213586e-01 1.071514304921028726e+00 6.001895799111935936e-01 7.860342340166119879e-01 7.176606044005735541e-01 8.362615215063798901e-01 2.910586106793094374e-01 1.278946935999464296e+00 3.973249944157227764e-01 2.155658427049822912e+00 2.357934147837746242e+00 1.748219114103834571e+00 2.068686634058122475e+00 1.868674442099163224e+00 1.881110884290247309e+00 1.883803425839513768e+00
1.365820805697207208e+00 9.502935975495424570e-01 9.816854361095170844e-01 9.856475710580387961e-01 8.737536296568175764e-01 9.869906324355532945e-01 6.862907670850745268e-01 1.038156499624861562e+00 6.233292835826457212e-01 7.942963225772228242e-01 7.199245589011951107e-01 8.462954181041804080e-01 3.597940556484984231e-01 1.204556210978793285e+00 4.655636875971920774e-01 2.121028346176890178e+00 2.321923365901834124e+00 1.720255986537863047e+00 2.027892429281554332e+00 1.840115534279120890e+00 1.845979672341268918e+00 1.853814520851984726e+00
8.336287030864286685e-01 9.908937911689729150e-01 9.878517961992818730e-01 9.981604062711543213e-01 9.555341948510340799e-01 9.953863442399591976e-01 7.682236935658079968e-01 7.815447553406439374e-01 5.342551519242203506e-01 5.747477677906919213e-01 7.961572468105220235e-01 6.761730928972480292e-01 6.457039787306353418e-01 8.038009478567660349e-01 7.788922279342583854e-01 1.696638087833669539e+00 1.864464792748741884e+00 1.410347046115284497e+00 1.590134968157181028e+00 1.487635357038155970e+00 1.452165471710023859e+00 1.459483310021205016e+00
1.368404505905421065e+00 9.518104649376573079e-01 9.855492812241849476e-01 9.816482569064888253e-01 8.836129075061293081e-01 9.852310453520919387e-01 6.832320664962088230e-01 1.046896439344172425e+00 5.959862639888992009e-01 7.728318145554705643e-01 7.172730591848088810e-01 8.372842938587279349e-01 3.317810198200019656e-01 1.261810578979944530e+00 4.452461891746427036e-01 2.159785936115489857e+00 2.366049482319050323e+00 1.750908618510272241e+00 2.054609993682804614e+00 1.871809899997746385e+00 1.873221719227102566e+00 1.892678347675423201e+00
7.557342230042595199e-01 9.744223080287589545e-01 9.734089021604374059e-01 9.855849467499280259e-01 8.894969441325872861e-01 9.835832412821722270e-01 8.517565101501300973e-01 4.421274964481228253e-01 6.949868194896824392e-01 5.759950253050519775e-01 8.776389792473544560e-01 6.830979178712892619e-01 7.050999121053665997e-01 4.514236643677386751e-01 7.982015783790830099e-01 1.176643843859147998e+00 1.255452223500382658e+00 1.061635769576343868e+00 1.083759962639763152e+00 1.093502613552581160e+00 1.035841324378393047e+00 1.051346989362782924e+00
7.899973766415638865e-01 9.791608423364331903e-01 9.765380940415095967e-01 9.826358311271318202e-01 8.940196671303255460e-01 9.824313045150770973e-01 8.548703349269387575e-01 4.629497960954176983e-01 7.082908483345347062e-01 5.873779807453862745e-01 8.728162886129245956e-01 6.973886613953332869e-01 6.992779368247803440e-01 3.600797823414206289e-01 7.967128763951768500e-01 1.162888612981151315e+00 1.238350613737509098e+00 1.053748893460981328e+00 1.070308254088633726e+00 1.084256899402189056e+00 1.027911449502654229e+00 1.044182802178127645e+00
4.916414566823520405e-01 9.499301835625170165e-01 9.783701708543822706e-01 9.548372795037346483e-01 7.837555142858120272e-01 9.588025772923414181e-01 9.206615338495218737e-01 7.999231606127805705e-01 9.280907723154333544e-01 7.992433338868075721e-01 9.735652109790853270e-01 6.729027923383417154e-01 5.297111595275919571e-01 4.221402401995650311e-01 6.459729062109017539e-01 1.002456493031769869e+00 1.007082606825259630e+00 9.975934882713126672e-01 9.836321306173912982e-01 9.997061490605760881e-01 9.881295201308737397e-01 9.933218579694055306e-01
2.789772326476769870e-01 9.405695726546682289e-01 9.554412948736259459e-01 9.866481002042769566e-01 8.412178320736829473e-01 9.889072751991696553e-01 8.743219245353359703e-01 3.347716522299016284e-01 7.003128631424784256e-01 5.301658967556870383e-01 9.024428238443708006e-01 5.988583400966003278e-01 8.330346650767861405e-01 7.295976752410827659e-01 8.578079037730317324e-01 9.941145992457387504e-01 1.040953798308974942e+00 9.450333747565592413e-01 9.085443907296155697e-01 9.581375429256504539e-01 8.886695256154633071e-01 9.082418314540293691e-01
9.136227753278184371e-01 9.075252546411824994e-01 9.254516293312479158e-01 9.287238210103850866e-01 7.266043240986324037e-01 9.579863839135950299e-01 8.737288878489964938e-01 4.765555037895896073e-01 5.469275354245426435e-01 2.958730919847351037e-01 8.194378638947049653e-01 4.864676550308236758e-01 5.018810883110111920e-01 9.440682174374273039e-01 6.818270109853207250e-01 1.732222823960990921e+00 1.928097261928540362e+00 1.447634265257495167e+00 1.548784984630546369e+00 1.506108456964524223e+00 1.427288877904461684e+00 1.450303777627700574e+00
8.354995493187772349e-01 9.588917532981303671e-01 9.623009832440690969e-01 9.495320322817514258e-01 8.400405227367854222e-01 9.710196050884245533e-01 8.655862673741195890e-01 5.327139686318008716e-01 6.394823496013889441e-01 4.902040205249300620e-01 8.043750591013912876e-01 6.540674190620048289e-01 6.286728099140264092e-01 4.392121884019565270e-01 7.682559273579777637e-01 1.571124351676864039e+00 1.737631135819788009e+00 1.323507580900671332e+00 1.418386246823957197e+00 1.383739914090072576e+00 1.321004383940860949e+00 1.345140220614814641e+00
8.404880497556413976e-01 9.662191185020966300e-01 9.714056471753929056e-01 9.539586965884639946e-01 8.700518338610242486e-01 9.745153003244133583e-01 8.874090786523034513e-01 4.894346095470376579e-01 6.772113491914374395e-01 5.299398460860309523e-01 8.154020504336831898e-01 6.747585397240916105e-01 6.517326115841834966e-01 2.875173576262742281e-01 7.788432732328887109e-01 1.348341804797715371e+00 1.470349823850211290e+00 1.175591356688368450e+00 1.228677068098015024e+00 1.217095808620392239e+00 1.164811395807146654e+00 1.186278826072753478e+00
8.976928802073503855e-01 9.476175416089620551e-01 9.608345020876249976e-01 9.374887662745547967e-01 8.321446086468982095e-01 9.685280169862771071e-01 8.931398681217193047e-01 4.716325416244942503e-01 6.351385904519445402e-01 4.515832629712716040e-01 7.969886067415385966e-01 6.186466354942844470e-01 5.968425659662588423e-01 5.869213936397831288e-01 7.446373140278076397e-01 1.477222059605362015e+00 1.628501790224186951e+00 1.259330038159028886e+00 1.332026115691252288e+00 1.308912201864559144e+00 1.250606271155264793e+00 1.276288366364732640e+00
9.656073169175178883e-01 9.350274077055303890e-01 9.623413284687789560e-01 9.376951616478574891e-01 8.272502031565235336e-01 9.715004801056095207e-01 9.424186019877085485e-01 3.827528021701489536e-01 7.659567934146430668e-01 5.483445479659583288e-01 8.916723716940342381e-01 5.874855838006851627e-01 5.767474870527004027e-01 2.958085467207230979e-01 6.910016793717687067e-01 1.024529526356062981e+00 1.051870380060083265e+00 9.936675470360796236e-01 9.674826868733112928e-01 1.001997801357518592e+00 9.672306036575022414e-01 9.779595282534465639e-01
1.375664177351924256e+00 9.250414444915469048e-01 9.907169892741849448e-01 9.498215484996117564e-01 9.038833027142639809e-01 9.800539094579986399e-01 7.725325559204527792e-01 9.687369973439572401e-01 4.882599147614952173e-01 6.506016564419914161e-01 6.745721963363414675e-01 7.773291460606460701e-01 3.623689476964366274e-01 1.502709292119346784e+00 4.924203539303756427e-01 2.175574868153320462e+00 2.401760153978108825e+00 1.761018856715566017e+00 2.029261744460123751e+00 1.865777652608594295e+00 1.875122071429502491e+00 1.929830091351793397e+00
7.138478945102929574e-01 9.977566575002179139e-01 9.951046413451000161e-01 9.773033066807100822e-01 9.572793559372750893e-01 9.889983293643503925e-01 8.925853940645056550e-01 6.142552259357848543e-01 7.492279577483736963e-01 6.806930705117910652e-01 8.094727339173203307e-01 8.070080735424787211e-01 7.992480319553180168e-01 1.139241420321264742e-01 8.851634637761297553e-01 1.127230503128381356e+00 1.204601252719391224e+00 1.032110398496496551e+00 1.037163599954224580e+00 1.052128670228352769e+00 1.007089609169052213e+00 1.026165755521498468e+00
7.375617798107884093e-01 9.518719486659917850e-01 9.747273546171466574e-01 9.276017336769166732e-01 8.520309295979819897e-01 9.763949103046239975e-01 9.181972775373007378e-01 5.169396017235489138e-01 7.183402957535218736e-01 5.459397146399230794e-01 7.972128047183113519e-01 6.925797930469453911e-01 6.986035224637048291e-01 3.845674544851777621e-01 8.094580086886046244e-01 1.293974065025469633e+00 1.406380645716291289e+00 1.142391560274199414e+00 1.167226241369410555e+00 1.174916068321710805e+00 1.121070430236740689e+00 1.144381190640768597e+00
9.295855441353287896e-01 9.360819026735983650e-01 9.705781565417616052e-01 9.228982857831069531e-01 8.379840425797745462e-01 9.761895178998005740e-01 9.507946836451448558e-01 4.952964209817364294e-01 7.911917960128803662e-01 5.957847072382811415e-01 8.650414993351788207e-01 6.667202007846357859e-01 6.522221975439033148e-01 3.177105117957188529e-01 7.533623332581691479e-01 1.019947336621555900e+00 1.047792179792542466e+00 9.913430868008497043e-01 9.604286656024373370e-01 9.978633181944386310e-01 9.629368069118138251e-01 9.725330477816229724e-01
5.476819626611193481e-01 9.629929492173081584e-01 9.954670660892169787e-01 9.029617109616905335e-01 9.655637348964259958e-01 9.581838176896637638e-01 9.014230781119022540e-01 9.874230560522067046e-01 9.909607493781219523e-01 9.671668950743580462e-01 8.461086031255090623e-01 9.013072468367289147e-01 8.650712525273690501e-01 9.602758889337266179e-01 9.214894005250658937e-01 1.050973065305988552e+00 1.080434942676842036e+00 1.011218108244688718e+00 9.893921533347594943e-01 1.026278402464587014e+00 9.880667297914346170e-01 1.002060019940195668e+00
7.861999975182831779e-01 9.485987531374483472e-01 9.771039525473581566e-01 9.136152225046699771e-01 8.477874140463536046e-01 9.763336066789599643e-01 9.342315128284216508e-01 5.619852619974785579e-01 7.435595433610583394e-01 5.730828232658603527e-01 7.803720555518205426e-01 7.249148244060111823e-01 7.008741401722090592e-01 5.234528743813233742e-01 8.149013711441661645e-01 1.309347903870845542e+00 1.423323697240323149e+00 1.153546014434835731e+00 1.172460684062450298e+00 1.184553777768786009e+00 1.129291604384472958e+00 1.154143550014390840e+00
7.701094823717151705e-01 9.845747602003681598e-01 9.884939134584018738e-01 9.541522684609579086e-01 9.135858816800322968e-01 9.866532909390008932e-01 9.313823383460493321e-01 5.925409329172337536e-01 7.832116700119090558e-01 6.554714319350976037e-01 8.274002581958445068e-01 7.828612237871636070e-01 7.634411015157959168e-01 1.811131275234276472e-01 8.504294711817433905e-01 1.081280977577286695e+00 1.141449733320071047e+00 1.015719025195201741e+00 9.933277343957822580e-01 1.026472127551436797e+00 9.813809787601430745e-01 9.956982108815400911e-01
8.691256976066713547e-01 9.058062143914684672e-01 9.657689207036487256e-01 8.523068006913308015e-01 7.489359985820375210e-01 9.652263475253611835e-01 9.626290117636338017e-01 5.033557511648423244e-01 7.294362411462692597e-01 4.874020927485676613e-01 7.384873519430845690e-01 6.505225271095347317e-01 6.517931859193950572e-01 1.014157336879803584e+00 7.868041606877541616e-01 1.400102055956102820e+00 1.534778381694852589e+00 1.217842350497467141e+00 1.231082862660909605e+00 1.244955061427013954e+00 1.178098772595018051e+00 1.208141555027290703e+00
8.171554373404145144e-01 9.819259710699439481e-01 9.893491080870562282e-01 9.418414571534511337e-01 9.096385413529421982e-01 9.872590447145188630e-01 9.483354098397109855e-01 6.249851822084327990e-01 8.043227678182222062e-01 6.783055884951924019e-01 8.112079564768378548e-01 8.029792351779094783e-01 7.664614668052995849e-01 3.171563510739958680e-01 8.553449118288053432e-01 1.069002616443873732e+00 1.123097562266953231e+00 1.013397214817095549e+00 9.873178583492077109e-01 1.020744494111376577e+00 9.800018129184490112e-01 9.914417179435398575e-01
1.292445932360279937e+00 8.763006960133276069e-01 9.952123841644198166e-01 9.287758236358413244e-01 9.044937206865303336e-01 9.654915744452260418e-01 8.328286291078258463e-01 7.380293423495258853e-01 5.514280432885663163e-01 5.584300619995482551e-01 7.664453815802152459e-01 7.326766156697374077e-01 3.114256829167915686e-01 1.432635388617852890e+00 4.335219703223145427e-01 2.049568926566246674e+00 2.254916190994417757e+00 1.682848728434323649e+00 1.871270463328190470e+00 1.751372033701365405e+00 1.765177740682757346e+00 1.816554741348598734e+00
1.299698986508121434e+00 8.678282325404080844e-01 9.935506695669886756e-01 9.248030815282028971e-01 8.979609409880049409e-01 9.608636431268741118e-01 8.300854534707625687e-01 7.205796812879058377e-01 5.813222730554595818e-01 5.774330592174280463e-01 7.761770702341549422e-01 7.499850614484853129e-01 3.335635205399383185e-01 1.396956761010113457e+00 4.520490856556996229e-01 2.101160769204446943e+00 2.309826289000188826e+00 1.724905269858793888e+00 1.910747333081040500e+00 1.794678344789787605e+00 1.808700754362165597e+00 1.860037468547517614e+00
8.323457725079947522e+00 1.034033397221324080e+01 1.282057619133450821e+01 1.184107988117437316e+01 1.954363665793486149e+01 1.520932908815438722e+01 1.318205704910475617e+01 2.121392080075793984e+01 1.384851566834153402e+01 2.059287334028362793e+01 2.379133975863326977e+00 1.461054470497379221e+01 2.138057409695078093e+01 3.748474637927471775e+01 1.741815181202844443e+01 4.682384960151012621e+01 4.882144578934598655e+01 3.782541800002639576e+01 3.903698310208640976e+01 4.175156101945229636e+01 3.840228814258231438e+01 4.107627339341424744e+01
1.283285170934631303e+01 1.580826739035703454e+01 1.990026069822001631e+01 1.894421604722114694e+01 3.005247040901837963e+01 2.468118718299771430e+01 2.079335354836359429e+01 3.169541754793715782e+01 2.108489894511924945e+01 3.146768709776607764e+01 3.508884245108687239e+00 2.236796263447793365e+01 3.252178596666631449e+01 5.629543837783938898e+01 2.650797115273693194e+01 7.220692276189529935e+01 7.510343812781673023e+01 5.849300929620914502e+01 6.009716999662201431e+01 6.443901738160019477e+01 5.929298923449497494e+01 6.339754263376980248e+01
1.303884889872337816e+01 1.652247279665737167e+01 2.111504404740613694e+01 2.100333902984467116e+01 3.207391921337474372e+01 2.719164093009138838e+01 2.222111155004039418e+01 3.346790504996573645e+01 2.228042315030378617e+01 3.374780185273622379e+01 3.600692494135036004e+00 2.425811647903627133e+01 3.432187237041573269e+01 5.970803748897890273e+01 2.799172448407718505e+01 7.693095739427651836e+01 7.987710253338815392e+01 6.225638448128164271e+01 6.368427561677033566e+01 6.859909968614502418e+01 6.299590662630036064e+01 6.742725618087152384e+01
1.258680645864220260e+01 1.581244055303784890e+01 2.042607192730880783e+01 2.125650672647272543e+01 3.130895429638734129e+01 2.739887019359431619e+01 2.178383091934154336e+01 3.104499654200228420e+01 2.101146058119134352e+01 3.219062860065639597e+01 3.251978314564552441e+00 2.325446906801805014e+01 3.282252100599958311e+01 5.739664347581626913e+01 2.669924674820819277e+01 7.576097061599854499e+01 7.853095051016801165e+01 6.139829592058347885e+01 6.255580134920874968e+01 6.756968115381791051e+01 6.203790494584579562e+01 6.641193601387699630e+01
1.287374856704889403e+01 1.673823092795384682e+01 2.236434075400982024e+01 2.404088448488706575e+01 3.406423802718390448e+01 3.106435320515398502e+01 2.413189786227134803e+01 3.504644695740752525e+01 2.359133990857662511e+01 3.644942403127372188e+01 3.713694274511996074e+00 2.650545943762930179e+01 3.655155756226400854e+01 6.376186689075869651e+01 2.988872286963602320e+01 8.287311694177380161e+01 8.580726893777695352e+01 6.704322867039667244e+01 6.799466308763263100e+01 7.385952285080058743e+01 6.761098785634057151e+01 7.246610349539528784e+01
1.736670300855042726e+01 1.939773140760589953e+01 2.305273301556193388e+01 2.816261746020637702e+01 3.863447150311714040e+01 3.377913076557734939e+01 2.473462883617774821e+01 2.659861698308172251e+01 1.910613942193008086e+01 3.114652218468370037e+01 2.038174097172502641e+00 2.375033955557501386e+01 3.247625527270540147e+01 6.124962265879420897e+01 2.575829791838340910e+01 9.231511382828041690e+01 9.527459953487311850e+01 7.558834890863067812e+01 7.615570382671748462e+01 8.256751065879427642e+01 7.598420523266702276e+01 8.120787902780188006e+01
7.330490199105093474e+00 8.372801710811144105e+00 1.019702846656642947e+01 1.258314698275585819e+01 1.746739795927642547e+01 1.527948350189153359e+01 1.104921438663186706e+01 1.270187703933683565e+01 9.126121273909440390e+00 1.475547685871456238e+01 1.384079601519499159e+00 1.075256838782036795e+01 1.628737249773054785e+01 3.173266716393364462e+01 1.316384754837874382e+01 4.322802123741852398e+01 4.465935990616676321e+01 3.512117518946964623e+01 3.547683205904296244e+01 3.851028364839779528e+01 3.539814570831715201e+01 3.789714096770029528e+01
7.309929411383977893e+00 8.201005381000452843e+00 1.001954517695423164e+01 1.229478082855757215e+01 1.708955897920318634e+01 1.504306158525181658e+01 1.089564796652438616e+01 1.251667743011594247e+01 9.019019388089107636e+00 1.451857900894156650e+01 1.379512955279194264e+00 1.047439673610950273e+01 1.611950504381256977e+01 3.133946805806584734e+01 1.304137423265640372e+01 4.263806343519068776e+01 4.404923773291091749e+01 3.464980225284436699e+01 3.500317611409874985e+01 3.798829329625418438e+01 3.492573524740958391e+01 3.738788299933995773e+01
1.162684478724441739e+01 1.314297162779864436e+01 1.612943380537239690e+01 2.051464298891184512e+01 2.713098212048408087e+01 2.490392834514569387e+01 1.779926258196924493e+01 1.914215463626896607e+01 1.398366021891138722e+01 2.275841993326573487e+01 1.729149613866343360e+00 1.694479815964611191e+01 2.434650114356575656e+01 4.615501151144152914e+01 1.951168248219524770e+01 6.706675067409491930e+01 6.912043465826864974e+01 5.476271704616488023e+01 5.500610891998193352e+01 5.989999339396378986e+01 5.507367628077277288e+01 5.887863735673538201e+01
5.667725066691435387e+00 7.383829486435415035e+00 9.641530351802323651e+00 1.279722117749243893e+01 1.630866419693559166e+01 1.543136089579093095e+01 1.075579215308262704e+01 1.383290042798333630e+01 9.480572408724677658e+00 1.573255579748680688e+01 1.407789932809858424e+00 1.172574031391420313e+01 1.589779704975405394e+01 3.033151222642152689e+01 1.291284660507609239e+01 4.048134484009037948e+01 4.170567500352228052e+01 3.267973374992111246e+01 3.268106106845162628e+01 3.599247888373606941e+01 3.282579153356340385e+01 3.522925518191485850e+01
5.566149142510486314e+00 7.831239714575731092e+00 1.058609222081829238e+01 1.450554930928969100e+01 1.768540294971439053e+01 1.739199940963549551e+01 1.204345647971375399e+01 1.556506520487382339e+01 1.064930434141644611e+01 1.778677569993444507e+01 1.514258939872150433e+00 1.356159699762599047e+01 1.736951581660092359e+01 3.231774741420576191e+01 1.409488897190023948e+01 4.379004507204491858e+01 4.503668499378118639e+01 3.534710455184463740e+01 3.519227359872039784e+01 3.895935004798450763e+01 3.544835723218588441e+01 3.805870510745567259e+01
7.675995757039413725e+00 1.133896358312332353e+01 1.533671044527510041e+01 2.179116192265379581e+01 2.551305351140637256e+01 2.579541052756678354e+01 1.761248404195919903e+01 2.188565215700072386e+01 1.511349767305567937e+01 2.544613036751414370e+01 1.915083108149361335e+00 1.987270335276021527e+01 2.427148519532115856e+01 4.435638094438772328e+01 1.963886256851428058e+01 6.224686397842995689e+01 6.387585377593720182e+01 5.038145077666615634e+01 4.990942064482003815e+01 5.547571732134984757e+01 5.041466309725652906e+01 5.411464806123897375e+01
7.380005409976676312e+00 1.007820904882465562e+01 1.360166606576325954e+01 2.019839483419406889e+01 2.284647447317887980e+01 2.399814196595676208e+01 1.602304482518605866e+01 1.901720388099688819e+01 1.332522043708527448e+01 2.267749121089881470e+01 1.678996332342032272e+00 1.755213547818470943e+01 2.191144660871413663e+01 4.081330757250174202e+01 1.777809145781251132e+01 5.772534275968286721e+01 5.911829253035366349e+01 4.678427541125339673e+01 4.612177957786303750e+01 5.146539577034924662e+01 4.673730867173542691e+01 5.016354011760816434e+01
1.068957603050730043e+01 1.429715074982771128e+01 2.076488693397764607e+01 3.002391823138715310e+01 3.258654408532477476e+01 3.715040449443952753e+01 2.529480449682499099e+01 3.078127301132653315e+01 2.177267254764126392e+01 3.622466543813207096e+01 2.901693927892150970e+00 2.770969575149754149e+01 3.464079032914255407e+01 6.138810541060318116e+01 2.848821244496181393e+01 8.593460064046766433e+01 8.783952137158482287e+01 6.976425824958728583e+01 6.845354777926785061e+01 7.675148597592384192e+01 6.957814460763840714e+01 7.464964971147540496e+01
4.867378248971433230e+00 6.638669311740353685e+00 8.908124892911800430e+00 1.495910479202982835e+01 1.581941200366024169e+01 1.732528568851808259e+01 1.097574875733379329e+01 1.255642820126000636e+01 8.829258130605914801e+00 1.561534614572267898e+01 1.226795251121762131e+00 1.226135648489081831e+01 1.495871420458442280e+01 2.920380588791584486e+01 1.217573075459239362e+01 4.107690348762104549e+01 4.192445987761752946e+01 3.322527688298139736e+01 3.241589328783612700e+01 3.658831684737882739e+01 3.307151716234790229e+01 3.555075911225033991e+01
4.965711735929039250e+00 6.537315770545323979e+00 8.828209708527689159e+00 1.547729703868214735e+01 1.583018288409502183e+01 1.794040867857735577e+01 1.119579611496109450e+01 1.242942773485252594e+01 8.811232051080887473e+00 1.573194560025877209e+01 1.204127464637883227e+00 1.241331559194515499e+01 1.499152390753344832e+01 2.937732365838252591e+01 1.222197831453153682e+01 4.185420974836626584e+01 4.264196682534957006e+01 3.390568533912124849e+01 3.290410144622370581e+01 3.731961986343604565e+01 3.367411097382495200e+01 3.621576239226245519e+01
4.827399388382892731e+00 6.257653624409455162e+00 8.767296862767254950e+00 1.575770570645509316e+01 1.557662360908794241e+01 1.842289520374371392e+01 1.147663558310279797e+01 1.264572720656280858e+01 9.012211379760408647e+00 1.609801501316332306e+01 1.210936574110808239e+00 1.276955098833933633e+01 1.518656428793012125e+01 2.931310811033779729e+01 1.241805143646791265e+01 4.213415274843519853e+01 4.285342750806868395e+01 3.418285926311557432e+01 3.300772611558261360e+01 3.762188989002272876e+01 3.388341275221055326e+01 3.645747874401271105e+01
6.629577132480231505e+00 8.662986643798470610e+00 1.221856227050181509e+01 2.254109921575497921e+01 2.157166817665138581e+01 2.628484358034774004e+01 1.627687375846566553e+01 1.739799398621592275e+01 1.251694272135976860e+01 2.237615335009414963e+01 1.467820395088436314e+00 1.804166209506187357e+01 2.080157864517541810e+01 3.931817339819254897e+01 1.701417102680943572e+01 5.800858234961415860e+01 5.887385750742258494e+01 4.721677003778365389e+01 4.533897817799231689e+01 5.191437678854530446e+01 4.667755369880045180e+01 5.024281565103847669e+01
5.569819158149632798e+00 7.074169152210799894e+00 9.956294161505782725e+00 1.959642324878172559e+01 1.816875912602722209e+01 2.257020755980677151e+01 1.361935441073238273e+01 1.452944810637325368e+01 1.035786780631722692e+01 1.890710892662432130e+01 1.273140839720922513e+00 1.541931097585902499e+01 1.735315251207277143e+01 3.349813865930624956e+01 1.421580868220078742e+01 4.923301163492146770e+01 4.987008310560130298e+01 4.003915035841880865e+01 3.820383163062894738e+01 4.405073012223581941e+01 3.945243866107865216e+01 4.254074960054938970e+01
6.356176986878453228e+00 8.127276620601143975e+00 1.160656487182583518e+01 2.342527360929816993e+01 2.104970289291308205e+01 2.708367487628866144e+01 1.635032023602018825e+01 1.678006690898963171e+01 1.216703126826859638e+01 2.216859661487396238e+01 1.392865273945146587e+00 1.825842148718050595e+01 2.029806145414348961e+01 3.843043885864056364e+01 1.662885863824556054e+01 5.787031984791369155e+01 5.848478045324895191e+01 4.720922964654161547e+01 4.484092917130169553e+01 5.186410316652779784e+01 4.640776171337662248e+01 5.001736698161720085e+01
6.445109014300439476e+00 7.982196402434102112e+00 1.138258816855917566e+01 2.409615593710994119e+01 2.099576262541928884e+01 2.775766144213420006e+01 1.649820050365643809e+01 1.654512204425216737e+01 1.203061325249716518e+01 2.218194514105014647e+01 1.354017755942254153e+00 1.846032488249586123e+01 2.017569614181547522e+01 3.835521248541157036e+01 1.653716301553650680e+01 5.841955485968890827e+01 5.890765145798182090e+01 4.770763284523382453e+01 4.507248084062094762e+01 5.239039868991505244e+01 4.677216987988633434e+01 5.044177374278410753e+01
4.781507608132300469e+00 5.611802513539309700e+00 7.996613155154516761e+00 1.816697034715007675e+01 1.530975143083693091e+01 2.079340551560367700e+01 1.208103344577018667e+01 1.182087491128131340e+01 8.615910478629370317e+00 1.622312294522377130e+01 1.115506230653666497e+00 1.357093820661948769e+01 1.479010847078946256e+01 2.890587816605424010e+01 1.213883740012075663e+01 4.388783114468751023e+01 4.417410908732250618e+01 3.581814043777836787e+01 3.366859898794206885e+01 3.934700034226873555e+01 3.503647931118757697e+01 3.782921197243642553e+01
6.489698171594280751e+00 7.798541469057133746e+00 1.139662215871307183e+01 2.590376308419103779e+01 2.116664841607395076e+01 2.992545101308434141e+01 1.765175359386173781e+01 1.639477858148088174e+01 1.229496910302824730e+01 2.280413722209303984e+01 1.349056911847547946e+00 1.925550301865064995e+01 2.087059423984445061e+01 3.916463851114305328e+01 1.712997401799160357e+01 6.164790897972586237e+01 6.193199585014487951e+01 5.057147767761001944e+01 4.739657990123160403e+01 5.544079562838276587e+01 4.938555037759974908e+01 5.328590222407684251e+01
4.639219862727127719e+00 5.248077040692581186e+00 7.662723777788006174e+00 1.884780612595965010e+01 1.494112143937023163e+01 2.153474936648986215e+01 1.231972863830697484e+01 1.152257155127142241e+01 8.495446538086069310e+00 1.620928821528857711e+01 1.097514434623875212e+00 1.382718332386424365e+01 1.467303976339731442e+01 2.840640527592765707e+01 1.207323272969276040e+01 4.413613723882826889e+01 4.426066253987954013e+01 3.613301986553436507e+01 3.366883277057649337e+01 3.967237481581628344e+01 3.516717089554298070e+01 3.804155859194912637e+01
5.890881576693713484e+00 5.851009981468163978e+00 9.069114882186005033e+00 2.166831645586917787e+01 1.651877525785930345e+01 2.561862636079749933e+01 1.505142820631823675e+01 1.398202899459698934e+01 1.039969004412646036e+01 1.951439872685705268e+01 1.218054682095067287e+00 1.636844186729931039e+01 1.777052862743741457e+01 3.314045898349458241e+01 1.477202830671991940e+01 5.228548415278707751e+01 5.235525944319506664e+01 4.297997403145545547e+01 3.994194996999185321e+01 4.710873734483843833e+01 4.175075881466815275e+01 4.515223329899493621e+01
5.492865499670059215e+00 5.152659094962023900e+00 8.057126338419024592e+00 2.031059844465417186e+01 1.496409025221172762e+01 2.394534877087514957e+01 1.394168634026313747e+01 1.262153128920513190e+01 9.418251297743131190e+00 1.788544300223983186e+01 1.142378700894985055e+00 1.510436935502137068e+01 1.631532626118374196e+01 3.064653434595382109e+01 1.359057513554573049e+01 4.872862860173371757e+01 4.868968054824358660e+01 4.008616614715536031e+01 3.709250985166623593e+01 4.391859835786544153e+01 3.884142550000584038e+01 4.204592349143342744e+01
5.195350812412058872e+00 4.397452356763253967e+00 6.091405720194158491e+00 1.828180073056137189e+01 1.299401039979320949e+01 2.071372352145277773e+01 1.133660625185833304e+01 8.827095382473894247e+00 6.854401287549662491e+00 1.363583621262448808e+01 9.880394630804268941e-01 1.177607321841526122e+01 1.281052027222535905e+01 2.629260401842732620e+01 1.055733900841227424e+01 4.271779696047504160e+01 4.259420800775178151e+01 3.513385967716494207e+01 3.236213228195388325e+01 3.844202976833533114e+01 3.396897263524726895e+01 3.681450026291201993e+01
4.941043181899632764e+00 3.986352712353900873e+00 5.448900380132869259e+00 1.750962239375459006e+01 1.199336289411756695e+01 1.969084045854172871e+01 1.067515507129694541e+01 7.856126082981864656e+00 6.206258632073127224e+00 1.249586759157736715e+01 9.584790117451204017e-01 1.090581780458442474e+01 1.184825872752127829e+01 2.459856899566082333e+01 9.763856551432201769e+00 4.061930569765765142e+01 4.042604417122189631e+01 3.345665555785549117e+01 3.069658750487380416e+01 3.657352492024990909e+01 3.227739013390634426e+01 3.500591811220687788e+01
7.703553169249269139e+00 6.532652167760447881e+00 8.969074109933739436e+00 2.888574411148089283e+01 1.933806779164865475e+01 3.241626975817969480e+01 1.795102083957391415e+01 1.255033205190831680e+01 1.013372498589617088e+01 2.002885980219370410e+01 1.103583048751278328e+00 1.788848791758516299e+01 1.899563793833338110e+01 3.750467479075830823e+01 1.558466987838172990e+01 6.518934548853805211e+01 6.475220130572986932e+01 5.399114743709525044e+01 4.943061541909836620e+01 5.888177183015547911e+01 5.200348248736772661e+01 5.636079148526082605e+01
