3.461630131819639355e+06 3.630877339559681248e+06 1.290937520024936460e+07
3.285066066169919912e+06 3.163485471323139500e+06 1.304209471297790110e+07
3.311426733406355139e+06 3.103547267667544540e+06 1.306805099271179177e+07
3.310268156511994079e+06 3.102859651341513265e+06 1.307010709038434178e+07
3.288044175396998879e+06 3.168345746998385992e+06 1.305322959452812187e+07
3.286641182085169479e+06 3.169042507517111488e+06 1.305582961545505933e+07
3.311059746922873892e+06 3.100847294862059876e+06 1.307536354573934712e+07
3.263679536673368886e+06 3.218844635596811306e+06 1.290473497172592394e+07
3.319426301463228650e+06 3.354124019857985433e+06 1.297916583255961724e+07
3.277432068354875315e+06 3.281223667976451106e+06 1.288593022150353156e+07
3.260991121947997715e+06 3.178898466691992246e+06 1.293103185773088597e+07
3.325000027775111143e+06 3.376542019763828721e+06 1.298050951358319446e+07
3.289427556513451971e+06 3.249417892295198515e+06 1.304355716021206975e+07
3.272136618604138959e+06 3.417907429679248948e+06 1.291847294359033555e+07
3.261731257490791846e+06 3.180188490886808373e+06 1.295517505620007217e+07
3.261752287023693789e+06 3.176966557401597966e+06 1.297385421007847041e+07
3.285835662465978879e+06 3.188155159947869834e+06 1.309630531053907052e+07
3.317194422686030623e+06 3.319341228077507578e+06 1.300892486538490653e+07
3.295431902495240793e+06 3.169595187087439001e+06 1.307859405773968622e+07
3.294456617268911097e+06 3.168188772569680121e+06 1.307580052019267343e+07
3.293700506911206525e+06 3.255578451699203812e+06 1.305941461666225083e+07
3.290563101712244563e+06 3.172252227523267735e+06 1.307611489139085077e+07
3.298414311370301060e+06 3.136219145760345273e+06 1.310426003850163706e+07
3.295728916148184333e+06 3.168640926851868629e+06 1.308491175412227400e+07
3.268868346542028710e+06 3.194978263636810705e+06 1.296212636247410811e+07
3.275546338166400790e+06 3.223370519566805568e+06 1.295708348880562373e+07
3.271811069153576624e+06 3.206647913804663345e+06 1.295109267978787050e+07
3.262489415916215628e+06 3.181284945516960695e+06 1.298610259511318244e+07
3.255880900582750794e+06 3.181024899740427732e+06 1.297524921753928252e+07
3.285847730733303819e+06 3.173490809155927971e+06 1.309263980833545327e+07
3.286641682269755285e+06 3.181220280999500770e+06 1.309426215761497617e+07
3.285879791649486870e+06 3.177523939804175403e+06 1.309409617832564749e+07
3.288346691282422282e+06 3.173949817946607713e+06 1.309595557955356315e+07
3.309297589912274852e+06 3.113538315213832073e+06 1.311892004470452853e+07
3.292623633162742015e+06 3.153753226842410397e+06 1.311494476640685648e+07
3.289771150598216336e+06 3.152556541218915954e+06 1.311670566280310974e+07
3.306243605246534105e+06 3.339321929654980078e+06 1.302244127140944451e+07
3.260410396057036240e+06 3.164291564097315539e+06 1.302216111744899303e+07
3.260078098240557592e+06 3.154790824048464652e+06 1.301761599760729633e+07
3.287474465664827731e+06 3.319334735753273126e+06 1.291268554034980945e+07
3.520708716385915875e+06 4.025107363281259313e+06 1.287386014576919191e+07
3.449912904331226833e+06 3.999469010268793441e+06 1.279908159098972939e+07
3.484270993068340700e+06 4.042149299710273277e+06 1.277282941967407428e+07
3.588894278974542394e+06 4.188944785553987604e+06 1.267249781317878701e+07
3.586346778737821151e+06 4.134029378623657860e+06 1.253932008719050139e+07
3.626901249128635507e+06 4.159352043878937140e+06 1.251341779711395316e+07
3.679436580824603327e+06 4.196808685431886464e+06 1.248150579904694483e+07
3.734201125456759240e+06 4.238241421205931343e+06 1.245199368808180280e+07
3.772830311261446681e+06 4.269876109927604906e+06 1.239467852276748233e+07
3.258719540170450695e+06 3.297014916609179229e+06 1.312383550362122059e+07
3.255484790623278357e+06 3.292553733990840148e+06 1.312392513045351207e+07
3.296728425876497291e+06 3.286518573155511171e+06 1.310730397115561739e+07
3.260107208498136140e+06 3.293582128360340837e+06 1.313228013183981180e+07
3.289542043611328583e+06 3.169262428496560548e+06 1.314661659521006420e+07
3.289486559383521788e+06 3.168008477520401590e+06 1.314838578660643846e+07
3.287641958604944870e+06 3.114479831732405350e+06 1.313088495426652394e+07
3.278073112499012146e+06 3.157280042997178622e+06 1.317368984705221280e+07
3.348720088781605009e+06 3.491334657228851225e+06 1.303733978963170014e+07
3.316356117288819049e+06 3.377550376075556036e+06 1.306781103773299977e+07
3.309039073723370209e+06 3.298382228493829723e+06 1.310606503391712159e+07
3.323524951255228836e+06 3.369825446416859515e+06 1.308339673310338333e+07
3.306031969956006389e+06 3.147439439492063597e+06 1.318290449249836989e+07
3.268618684242122807e+06 3.352982608335198369e+06 1.315399594977803156e+07
3.271382598062336445e+06 3.197704834116611630e+06 1.318424675739950314e+07
3.305612079116110690e+06 3.319099206345036160e+06 1.311666200113973767e+07
3.297238227459870744e+06 3.153895054663700052e+06 1.319363606568889879e+07
3.243879713975507300e+06 3.189642469699392095e+06 1.312729703921008669e+07
3.302594917522765230e+06 3.321799487453905400e+06 1.312144623842511512e+07
3.277799237665407360e+06 3.184687448118780740e+06 1.320026947393564507e+07
3.317700386467094067e+06 3.425671779357403982e+06 1.309293184794546850e+07
3.273876660377559718e+06 3.188122973575320095e+06 1.320465653801921941e+07
3.252846658407223411e+06 3.305898017111685593e+06 1.321943253978046775e+07
3.249556362695587333e+06 3.308012477070198860e+06 1.321861680423296429e+07
3.349767401852294337e+06 2.443018072341247462e+06 1.347646084501871653e+07
3.391567716576172039e+06 2.581541816294034943e+06 1.340737751555426978e+07
3.388348947332619689e+06 2.608830433015518356e+06 1.340156977611361444e+07
3.403148047702680808e+06 2.613700888485478703e+06 1.340018592365774326e+07
3.383798525311475620e+06 2.630140464541588444e+06 1.339122986393565685e+07
3.604591625951860566e+06 2.988964316995628178e+06 1.330287402112480253e+07
3.433757459485597908e+06 2.611160073865353130e+06 1.340222391887299903e+07
3.429284529383379966e+06 2.603390153174456675e+06 1.340005253839987703e+07
3.511180299186558463e+06 2.773019800313790794e+06 1.334321603198718466e+07
3.374338887936677318e+06 2.517173816956703551e+06 1.346919886107028462e+07
3.369436115471665282e+06 2.485738923185714986e+06 1.349849328118481673e+07
3.400155676637964789e+06 2.605307276788886636e+06 1.346119762072443217e+07
3.392832599919685163e+06 2.609681776988856029e+06 1.344617808777773380e+07
3.379176457173601259e+06 2.626376575438507367e+06 1.341291587090162747e+07
3.374576773633360397e+06 2.522768448081214447e+06 1.349720323969382048e+07
3.372401874768351670e+06 2.529521211443546694e+06 1.349332467418576777e+07
3.362207903311024420e+06 2.491152512743582949e+06 1.351145512890098989e+07
3.372664260440371931e+06 2.595459720191718079e+06 1.347068683695888706e+07
3.358719384565195069e+06 2.551513791599253658e+06 1.349597868397135846e+07
3.369209273812257219e+06 2.582548042524109129e+06 1.348798753646638989e+07
3.370199474402252585e+06 2.594583348549632821e+06 1.348908460162197798e+07
3.366266956825204659e+06 2.502067387229601853e+06 1.353491759287211485e+07
3.383891858252478763e+06 2.583102644276421517e+06 1.349590304171304964e+07
3.368366000504728407e+06 2.480384851958001498e+06 1.355546229708600417e+07
3.333829009985749144e+06 2.482952014505590312e+06 1.350809618392673507e+07
3.332014268682933412e+06 2.461055188539082650e+06 1.351942446826479211e+07
3.385392391302451026e+06 2.567339710266290698e+06 1.349821494522381015e+07
3.393348482397508807e+06 2.557603797268074472e+06 1.350677661836215109e+07
3.456213094720894005e+06 2.727065479565168265e+06 1.345075737552060373e+07
