4.883744839680300709e-01 4.668792416804217749e-01 4.667660656534716734e-01
4.883767568968322981e-01 4.668868790253807854e-01 4.667775770015020753e-01
4.883780647105956940e-01 4.668890954036439833e-01 4.667831384301347475e-01
4.883810216690405714e-01 4.668917118090992191e-01 4.667889671269800922e-01
4.883826832936773443e-01 4.668946388823974614e-01 4.667949840016405449e-01
4.883838022701669224e-01 4.668972659574276984e-01 4.668006871786581913e-01
4.883854195527341235e-01 4.668990982802752043e-01 4.668063143063069798e-01
4.883869629256551437e-01 4.669011226356758471e-01 4.668107198834803850e-01
4.883888776623681593e-01 4.669018429970355766e-01 4.668138825565063543e-01
4.883911479316527249e-01 4.669056329655391080e-01 4.668198855488835952e-01
4.883929488198046620e-01 4.669100101983970075e-01 4.668279022616532714e-01
4.883941723582595484e-01 4.669111076988173292e-01 4.668297205257446181e-01
4.883965413619557050e-01 4.669160252647867604e-01 4.668401355493812521e-01
4.883980000565422142e-01 4.669170370338978637e-01 4.668422826951515447e-01
4.883991610076187095e-01 4.669211859632919071e-01 4.668498362565073889e-01
4.884007442046097713e-01 4.669242086970797345e-01 4.668558683759016503e-01
4.884030176721296801e-01 4.669245273699818566e-01 4.668609998967269137e-01
4.884046206453480088e-01 4.669268645815282115e-01 4.668654128824609728e-01
4.884064636205276422e-01 4.669311963621958772e-01 4.668743678969204947e-01
4.884079492189043470e-01 4.669344371850715492e-01 4.668799147287761020e-01
4.884081450245053024e-01 4.669349797671370483e-01 4.668810064276224248e-01
4.884085424570177025e-01 4.669353085024242622e-01 4.668816360191985204e-01
4.884108227984287343e-01 4.669378301648306473e-01 4.668872196172771383e-01
4.884132443142508717e-01 4.669404851692264824e-01 4.668932009071538602e-01
4.884145601142697579e-01 4.669421450092390846e-01 4.668966956536179103e-01
4.884161722644397852e-01 4.669442077390262291e-01 4.669019611744200660e-01
4.884184175493959112e-01 4.669470647758882098e-01 4.669081721018285003e-01
4.884213100640895644e-01 4.669492609363427582e-01 4.669147106190117413e-01
4.884237298841228037e-01 4.669521566605298601e-01 4.669204148580695102e-01
4.884249951727147598e-01 4.669539231732725559e-01 4.669247856963649190e-01
4.884269718394760318e-01 4.669569750931617524e-01 4.669309803630586342e-01
4.884308551696384670e-01 4.669597035006061159e-01 4.669375141908024274e-01
4.884321598872934933e-01 4.669625799435237479e-01 4.669431385147272406e-01
4.884339685309646018e-01 4.669653630996955518e-01 4.669486607416085677e-01
4.884357084841211560e-01 4.669682317571305918e-01 4.669544720468402632e-01
4.884374450154439495e-01 4.669710952463380638e-01 4.669600096307329751e-01
4.884374854987817982e-01 4.669742141794772650e-01 4.669630615382074357e-01
4.884408593316317271e-01 4.669777144961555493e-01 4.669716575853300466e-01
4.884422585846243114e-01 4.669802490476075985e-01 4.669757977912055713e-01
4.884422232164873368e-01 4.669824625399657259e-01 4.669787769832039470e-01
4.884430296567049412e-01 4.669853877456330848e-01 4.669813662433064394e-01
4.884444262420003513e-01 4.669877438059933383e-01 4.669869429669176175e-01
4.884471879165663832e-01 4.669893132462675234e-01 4.669938884718558003e-01
4.884484762550748704e-01 4.669913981478358567e-01 4.669981776718500899e-01
4.884504396712794905e-01 4.669939722660689796e-01 4.670038120718633667e-01
4.884525961412853334e-01 4.669964859560065684e-01 4.670091774647430194e-01
4.884558586901779909e-01 4.669997312605847495e-01 4.670150407967615380e-01
4.884579316945888983e-01 4.670028236887585615e-01 4.670205678866363730e-01
4.884603048119178781e-01 4.670064192440678830e-01 4.670268707989591039e-01
4.884632335150057014e-01 4.670129121858264121e-01 4.670359769724192756e-01
4.884653484652493050e-01 4.670160877197444549e-01 4.670416346999882728e-01
4.884667990839503537e-01 4.670186581107749757e-01 4.670464451696330066e-01
4.884690909249750357e-01 4.670229342914076764e-01 4.670521716935737144e-01
4.884715411427428822e-01 4.670267221546723357e-01 4.670578243704331944e-01
4.884732366712309926e-01 4.670297635319941576e-01 4.670631421502255964e-01
4.884748886129229861e-01 4.670325920866308378e-01 4.670683524848807666e-01
4.884772075954340598e-01 4.670364054331033743e-01 4.670748868064610870e-01
4.884780307632209939e-01 4.670367828991454640e-01 4.670800649363353041e-01
4.884803715234094512e-01 4.670406558738024461e-01 4.670862889713806032e-01
4.884826103282953191e-01 4.670448432430718277e-01 4.670934070225373214e-01
4.884839380312723800e-01 4.670472562875150890e-01 4.670995683100024887e-01
4.884860604854091015e-01 4.670522720487116919e-01 4.671067541570486648e-01
4.884874538588552251e-01 4.670549411497478265e-01 4.671131166720204342e-01
4.884890824406742382e-01 4.670579810342501692e-01 4.671197386140217844e-01
4.884907597642092481e-01 4.670601552896031516e-01 4.671256467032798843e-01
4.884928004303092930e-01 4.670631668361832634e-01 4.671334729505333128e-01
4.884945953102966532e-01 4.670658048333800605e-01 4.671398046475765953e-01
4.884962327875726484e-01 4.670681586489036086e-01 4.671452820426927333e-01
4.884982142696681628e-01 4.670719235693083782e-01 4.671533200866174185e-01
4.884993523871929422e-01 4.670737164225624571e-01 4.671590014274335512e-01
4.885016016956169604e-01 4.670776584040376433e-01 4.671661927138346382e-01
4.885031323643110879e-01 4.670801628932154115e-01 4.671721759724618561e-01
4.885050303444467557e-01 4.670824247777919380e-01 4.671784433825698635e-01
4.889384758542329457e-01 4.692760713861366395e-01 4.665339417314958159e-01
4.889425409718307636e-01 4.692765490950618346e-01 4.665403241446116067e-01
4.889439644107461680e-01 4.692747529292112807e-01 4.665457053695799550e-01
4.889461562249703408e-01 4.692740012134064553e-01 4.665511037431641084e-01
4.889485842892268841e-01 4.692728817465524616e-01 4.665569485524001525e-01
4.889500802101713894e-01 4.692715371519081136e-01 4.665630086055772008e-01
4.889510127381565541e-01 4.692730629624647931e-01 4.665615578114456485e-01
4.889510866175992287e-01 4.692730857007972878e-01 4.665615020001208091e-01
4.889530177930285770e-01 4.692712981861716925e-01 4.665686032538126637e-01
4.889555875474185243e-01 4.692723061808362628e-01 4.665724577053848576e-01
4.889582105082798669e-01 4.692718946103303090e-01 4.665779086133161613e-01
4.889604337213816487e-01 4.692702434459551375e-01 4.665844632629542188e-01
4.889629599407440130e-01 4.692699864967985746e-01 4.665896168459117699e-01
4.889643511479001003e-01 4.692679116762073499e-01 4.665956236341184948e-01
4.889676860294863148e-01 4.692695747790527894e-01 4.665990311978506777e-01
4.889698794529114267e-01 4.692690467326516846e-01 4.666041510959333949e-01
4.889728234024894871e-01 4.692683426481000786e-01 4.666096316352476014e-01
4.889743997815644838e-01 4.692658238466739240e-01 4.666161243337732523e-01
4.889766325082982035e-01 4.692653080435900126e-01 4.666207471370080739e-01
4.889787012957056422e-01 4.692643852799383009e-01 4.666265076738645989e-01
4.889811401683389902e-01 4.692642520901594283e-01 4.666317278973911575e-01
4.889821354426397981e-01 4.692627267744616804e-01 4.666357898022196471e-01
4.889850784852740606e-01 4.692630123006854004e-01 4.666419218050077422e-01
4.889855095156798170e-01 4.692604207138669770e-01 4.666458131894396510e-01
4.889878481336990546e-01 4.692606366854442101e-01 4.666504537018560939e-01
4.889877561596371325e-01 4.692583232409218708e-01 4.666541742394494929e-01
4.889893819104332295e-01 4.692568246644011620e-01 4.666587688558631042e-01
4.889888356061253827e-01 4.692541983515700621e-01 4.666627091278346406e-01
4.889916835674509299e-01 4.692543141253177064e-01 4.666694392405759673e-01
