7.086500000000000000e+04 2.006220000000000000e+05 2.006230000000000000e+05 7.707300000000000000e+04 2.006250000000000000e+05 2.006260000000000000e+05 2.670440000000000000e+05 1.387040000000000000e+05 1.367530000000000000e+05 1.387060000000000000e+05 2.772590000000000000e+05 1.387080000000000000e+05 1.387220000000000000e+05 2.242260000000000000e+05 1.387250000000000000e+05 2.670730000000000000e+05 2.672780000000000000e+05 2.673960000000000000e+05 2.674660000000000000e+05 2.677890000000000000e+05 2.678850000000000000e+05 2.679040000000000000e+05
3.587800000000000000e+04 3.793300000000000000e+04 3.793400000000000000e+04 3.793600000000000000e+04 2.304800000000000000e+05 1.977530000000000000e+05 4.962940000000000000e+05 2.039580000000000000e+05 2.012940000000000000e+05 2.039600000000000000e+05 4.576680000000000000e+05 2.039620000000000000e+05 2.039790000000000000e+05 2.013000000000000000e+05 2.039820000000000000e+05 4.963230000000000000e+05 4.965280000000000000e+05 4.966460000000000000e+05 4.967160000000000000e+05 4.970390000000000000e+05 4.971300000000000000e+05 4.971490000000000000e+05
5.139900000000000000e+04 5.375500000000000000e+04 5.375600000000000000e+04 5.375800000000000000e+04 1.912080000000000000e+05 1.912090000000000000e+05 4.918780000000000000e+05 2.001910000000000000e+05 1.973520000000000000e+05 2.001930000000000000e+05 5.005630000000000000e+05 2.001950000000000000e+05 1.973750000000000000e+05 2.034560000000000000e+05 2.002100000000000000e+05 4.919080000000000000e+05 4.921130000000000000e+05 4.922310000000000000e+05 4.923010000000000000e+05 4.926240000000000000e+05 4.927150000000000000e+05 4.927340000000000000e+05
4.986500000000000000e+04 5.333300000000000000e+04 5.447400000000000000e+04 5.333600000000000000e+04 2.256320000000000000e+05 5.333800000000000000e+04 4.966460000000000000e+05 2.215620000000000000e+05 1.939220000000000000e+05 2.215640000000000000e+05 5.082950000000000000e+05 2.215660000000000000e+05 2.215840000000000000e+05 1.967670000000000000e+05 2.215870000000000000e+05 4.966790000000000000e+05 4.968840000000000000e+05 4.970020000000000000e+05 4.970720000000000000e+05 4.973950000000000000e+05 4.974980000000000000e+05 4.975170000000000000e+05
5.639800000000000000e+04 6.031900000000000000e+04 6.032000000000000000e+04 6.032200000000000000e+04 2.389430000000000000e+05 5.947600000000000000e+04 4.917000000000000000e+05 2.024870000000000000e+05 2.079280000000000000e+05 2.079290000000000000e+05 4.479330000000000000e+05 2.079310000000000000e+05 2.340190000000000000e+05 2.079390000000000000e+05 2.340220000000000000e+05 4.917310000000000000e+05 4.919360000000000000e+05 4.920540000000000000e+05 4.921240000000000000e+05 4.924470000000000000e+05 4.925380000000000000e+05 4.925570000000000000e+05
5.664600000000000000e+04 6.451200000000000000e+04 6.451300000000000000e+04 6.451500000000000000e+04 1.977560000000000000e+05 6.386700000000000000e+04 4.968530000000000000e+05 2.036550000000000000e+05 2.036560000000000000e+05 2.036570000000000000e+05 4.376440000000000000e+05 2.036590000000000000e+05 2.036760000000000000e+05 2.090920000000000000e+05 2.036790000000000000e+05 4.968840000000000000e+05 4.970890000000000000e+05 4.972070000000000000e+05 4.972750000000000000e+05 4.975980000000000000e+05 4.976920000000000000e+05 4.977110000000000000e+05
4.496700000000000000e+04 4.717700000000000000e+04 4.717800000000000000e+04 4.718000000000000000e+04 2.166290000000000000e+05 4.675400000000000000e+04 5.007290000000000000e+05 1.919080000000000000e+05 1.919100000000000000e+05 1.919110000000000000e+05 4.510960000000000000e+05 1.919130000000000000e+05 2.105050000000000000e+05 1.936210000000000000e+05 2.105070000000000000e+05 5.007580000000000000e+05 5.009630000000000000e+05 5.010810000000000000e+05 5.011510000000000000e+05 5.014740000000000000e+05 5.015650000000000000e+05 5.015840000000000000e+05
1.988570000000000000e+05 4.207700000000000000e+04 4.207800000000000000e+04 4.208000000000000000e+04 1.641780000000000000e+05 4.208100000000000000e+04 4.326440000000000000e+05 1.723740000000000000e+05 1.723760000000000000e+05 1.723770000000000000e+05 3.764330000000000000e+05 1.723790000000000000e+05 1.724080000000000000e+05 1.797550000000000000e+05 1.724110000000000000e+05 4.326750000000000000e+05 4.328800000000000000e+05 4.329980000000000000e+05 4.330680000000000000e+05 4.333910000000000000e+05 4.334820000000000000e+05 4.335010000000000000e+05
1.542800000000000000e+05 4.115300000000000000e+04 4.115400000000000000e+04 3.357400000000000000e+04 1.610560000000000000e+05 1.569480000000000000e+05 3.789120000000000000e+05 1.299830000000000000e+05 1.299850000000000000e+05 1.299860000000000000e+05 3.286940000000000000e+05 3.670100000000000000e+04 1.569880000000000000e+05 3.286950000000000000e+05 1.569900000000000000e+05 3.789430000000000000e+05 3.791290000000000000e+05 3.792430000000000000e+05 1.501440000000000000e+05 3.795880000000000000e+05 3.796690000000000000e+05 3.796880000000000000e+05
1.697040000000000000e+05 1.757660000000000000e+05 3.195300000000000000e+04 3.195400000000000000e+04 1.757690000000000000e+05 1.728720000000000000e+05 4.141850000000000000e+05 1.586690000000000000e+05 1.586710000000000000e+05 1.586720000000000000e+05 3.497640000000000000e+05 1.586740000000000000e+05 1.729100000000000000e+05 1.586900000000000000e+05 1.729120000000000000e+05 4.142160000000000000e+05 4.144210000000000000e+05 4.145390000000000000e+05 4.146090000000000000e+05 4.149320000000000000e+05 4.150230000000000000e+05 4.150420000000000000e+05
2.176630000000000000e+05 3.841500000000000000e+04 3.841600000000000000e+04 1.768130000000000000e+05 1.768140000000000000e+05 2.196580000000000000e+05 4.802840000000000000e+05 1.698100000000000000e+05 1.890780000000000000e+05 1.698120000000000000e+05 4.285300000000000000e+05 1.698140000000000000e+05 2.196860000000000000e+05 1.698300000000000000e+05 2.196880000000000000e+05 4.803150000000000000e+05 4.805200000000000000e+05 4.806380000000000000e+05 4.807080000000000000e+05 4.810300000000000000e+05 4.811220000000000000e+05 4.811410000000000000e+05
1.556460000000000000e+05 3.668600000000000000e+04 3.668700000000000000e+04 1.617070000000000000e+05 1.617080000000000000e+05 1.617090000000000000e+05 3.725310000000000000e+05 1.439250000000000000e+05 1.417390000000000000e+05 1.439270000000000000e+05 3.019880000000000000e+05 4.022100000000000000e+04 1.617570000000000000e+05 2.954950000000000000e+05 1.617590000000000000e+05 3.608290000000000000e+05 3.610300000000000000e+05 3.611300000000000000e+05 3.612000000000000000e+05 3.615210000000000000e+05 3.616120000000000000e+05 3.616310000000000000e+05
2.007410000000000000e+05 5.571800000000000000e+04 4.047500000000000000e+04 4.047700000000000000e+04 1.584650000000000000e+05 5.572000000000000000e+04 4.832360000000000000e+05 1.759620000000000000e+05 1.702610000000000000e+05 1.759640000000000000e+05 4.193590000000000000e+05 1.759660000000000000e+05 1.623520000000000000e+05 4.150070000000000000e+05 4.254880000000000000e+05 4.832720000000000000e+05 4.834770000000000000e+05 4.835950000000000000e+05 4.836650000000000000e+05 4.839850000000000000e+05 4.840910000000000000e+05 4.841100000000000000e+05
1.632370000000000000e+05 3.477500000000000000e+04 3.477600000000000000e+04 3.477800000000000000e+04 1.669730000000000000e+05 1.495500000000000000e+05 3.489180000000000000e+05 1.535380000000000000e+05 1.455740000000000000e+05 1.455750000000000000e+05 3.030450000000000000e+05 1.495690000000000000e+05 1.495970000000000000e+05 3.015140000000000000e+05 3.723970000000000000e+05 3.489510000000000000e+05 3.491240000000000000e+05 3.492260000000000000e+05 3.492870000000000000e+05 3.495480000000000000e+05 3.496370000000000000e+05 3.496560000000000000e+05
5.420900000000000000e+04 4.373000000000000000e+04 4.373100000000000000e+04 4.373300000000000000e+04 1.868880000000000000e+05 1.920910000000000000e+05 4.858370000000000000e+05 1.921070000000000000e+05 1.990790000000000000e+05 1.921100000000000000e+05 4.211210000000000000e+05 1.921120000000000000e+05 1.921450000000000000e+05 1.817970000000000000e+05 1.921480000000000000e+05 4.858660000000000000e+05 4.860010000000000000e+05 4.860900000000000000e+05 4.861330000000000000e+05 4.863430000000000000e+05 4.864200000000000000e+05 4.864390000000000000e+05
7.384900000000000000e+04 6.042600000000000000e+04 6.042700000000000000e+04 6.042900000000000000e+04 6.043000000000000000e+04 1.769850000000000000e+05 4.921200000000000000e+05 1.818920000000000000e+05 1.818930000000000000e+05 1.818950000000000000e+05 4.246240000000000000e+05 1.818970000000000000e+05 1.847850000000000000e+05 4.246300000000000000e+05 4.976140000000000000e+05 4.921470000000000000e+05 4.922560000000000000e+05 4.923400000000000000e+05 2.126000000000000000e+05 4.925440000000000000e+05 4.926070000000000000e+05 4.926210000000000000e+05
5.035500000000000000e+04 1.618170000000000000e+05 1.618190000000000000e+05 1.618220000000000000e+05 1.618240000000000000e+05 1.618250000000000000e+05 4.686470000000000000e+05 1.691300000000000000e+05 1.691320000000000000e+05 1.691330000000000000e+05 3.999740000000000000e+05 1.691350000000000000e+05 1.618890000000000000e+05 3.999790000000000000e+05 4.746300000000000000e+05 4.686760000000000000e+05 4.688180000000000000e+05 4.689190000000000000e+05 1.791360000000000000e+05 4.691970000000000000e+05 4.692800000000000000e+05 4.692990000000000000e+05
4.169300000000000000e+04 1.430030000000000000e+05 1.430050000000000000e+05 1.430080000000000000e+05 1.430100000000000000e+05 1.430110000000000000e+05 4.053750000000000000e+05 1.533900000000000000e+05 1.533920000000000000e+05 1.533930000000000000e+05 3.433060000000000000e+05 1.533950000000000000e+05 1.476620000000000000e+05 1.569670000000000000e+05 4.176650000000000000e+05 4.054090000000000000e+05 4.054590000000000000e+05 4.055290000000000000e+05 1.609130000000000000e+05 4.056670000000000000e+05 1.611620000000000000e+05 4.057110000000000000e+05
5.683500000000000000e+04 4.338900000000000000e+04 4.339000000000000000e+04 4.339100000000000000e+04 1.905130000000000000e+05 1.905140000000000000e+05 5.131940000000000000e+05 1.990320000000000000e+05 1.990340000000000000e+05 1.990350000000000000e+05 4.657280000000000000e+05 1.990370000000000000e+05 1.905680000000000000e+05 1.851110000000000000e+05 1.905710000000000000e+05 5.132150000000000000e+05 5.132700000000000000e+05 5.133180000000000000e+05 2.106280000000000000e+05 5.134070000000000000e+05 2.109370000000000000e+05 2.109560000000000000e+05
5.920300000000000000e+04 1.637140000000000000e+05 4.630300000000000000e+04 4.630400000000000000e+04 1.637190000000000000e+05 1.637200000000000000e+05 5.002800000000000000e+05 1.813710000000000000e+05 1.813730000000000000e+05 1.813740000000000000e+05 4.363320000000000000e+05 1.813760000000000000e+05 1.637740000000000000e+05 1.813930000000000000e+05 1.637770000000000000e+05 5.002980000000000000e+05 2.045610000000000000e+05 2.046330000000000000e+05 2.047010000000000000e+05 5.004460000000000000e+05 2.050530000000000000e+05 2.050720000000000000e+05
5.399400000000000000e+04 1.425520000000000000e+05 1.425540000000000000e+05 1.425570000000000000e+05 1.425590000000000000e+05 1.425610000000000000e+05 4.852570000000000000e+05 1.373990000000000000e+05 1.485850000000000000e+05 1.374010000000000000e+05 4.407440000000000000e+05 5.323600000000000000e+04 4.363260000000000000e+05 1.374100000000000000e+05 4.363280000000000000e+05 4.852880000000000000e+05 4.854620000000000000e+05 4.855660000000000000e+05 4.856260000000000000e+05 4.858740000000000000e+05 4.859610000000000000e+05 4.859800000000000000e+05
6.016800000000000000e+04 1.595900000000000000e+05 1.595920000000000000e+05 1.595950000000000000e+05 1.595970000000000000e+05 1.595990000000000000e+05 5.221430000000000000e+05 1.541230000000000000e+05 1.659330000000000000e+05 1.541250000000000000e+05 4.774260000000000000e+05 5.934300000000000000e+04 4.730080000000000000e+05 1.541340000000000000e+05 4.730100000000000000e+05 5.221740000000000000e+05 5.223480000000000000e+05 5.224520000000000000e+05 5.225120000000000000e+05 5.227600000000000000e+05 5.228470000000000000e+05 5.228660000000000000e+05
5.672500000000000000e+04 4.339500000000000000e+04 4.339600000000000000e+04 1.619050000000000000e+05 1.619070000000000000e+05 1.619080000000000000e+05 5.300130000000000000e+05 1.535260000000000000e+05 1.724070000000000000e+05 1.535280000000000000e+05 5.041640000000000000e+05 1.657020000000000000e+05 4.895380000000000000e+05 1.535350000000000000e+05 4.895400000000000000e+05 5.300430000000000000e+05 5.301810000000000000e+05 5.302710000000000000e+05 5.303230000000000000e+05 5.305170000000000000e+05 5.305980000000000000e+05 5.306170000000000000e+05
6.292200000000000000e+04 1.995270000000000000e+05 2.032580000000000000e+05 1.995280000000000000e+05 5.189500000000000000e+04 5.556600000000000000e+04 5.203590000000000000e+05 2.085000000000000000e+05 2.085020000000000000e+05 2.085030000000000000e+05 4.630030000000000000e+05 2.085050000000000000e+05 2.032870000000000000e+05 1.890400000000000000e+05 2.032900000000000000e+05 5.203930000000000000e+05 5.205320000000000000e+05 5.206200000000000000e+05 2.271050000000000000e+05 5.208820000000000000e+05 2.272230000000000000e+05 5.209620000000000000e+05
6.579700000000000000e+04 6.235500000000000000e+04 6.235600000000000000e+04 2.019180000000000000e+05 5.530300000000000000e+04 2.340480000000000000e+05 4.879220000000000000e+05 2.079700000000000000e+05 2.095680000000000000e+05 2.079730000000000000e+05 4.553190000000000000e+05 2.079750000000000000e+05 4.959460000000000000e+05 1.897090000000000000e+05 1.989940000000000000e+05 4.879440000000000000e+05 4.880390000000000000e+05 4.881130000000000000e+05 2.281470000000000000e+05 4.882630000000000000e+05 4.883130000000000000e+05 4.883250000000000000e+05
4.285400000000000000e+04 1.953820000000000000e+05 1.534970000000000000e+05 1.953840000000000000e+05 1.953850000000000000e+05 4.105700000000000000e+04 4.640640000000000000e+05 1.636720000000000000e+05 1.636740000000000000e+05 1.636750000000000000e+05 4.243100000000000000e+05 1.636770000000000000e+05 1.937280000000000000e+05 1.636950000000000000e+05 1.535040000000000000e+05 4.640930000000000000e+05 4.642860000000000000e+05 4.644010000000000000e+05 4.644710000000000000e+05 4.647660000000000000e+05 4.648550000000000000e+05 4.648740000000000000e+05
5.445400000000000000e+04 4.461100000000000000e+04 4.461200000000000000e+04 4.302900000000000000e+04 1.912770000000000000e+05 2.211880000000000000e+05 4.611500000000000000e+05 1.979060000000000000e+05 1.979080000000000000e+05 1.979090000000000000e+05 3.996640000000000000e+05 1.979110000000000000e+05 2.047780000000000000e+05 1.979300000000000000e+05 4.785110000000000000e+05 4.035590000000000000e+05 4.037120000000000000e+05 2.142530000000000000e+05 4.038440000000000000e+05 4.612810000000000000e+05 4.041970000000000000e+05 4.042260000000000000e+05
5.420300000000000000e+04 5.010800000000000000e+04 5.010900000000000000e+04 5.011000000000000000e+04 1.905910000000000000e+05 1.905930000000000000e+05 5.066780000000000000e+05 2.057680000000000000e+05 2.057700000000000000e+05 2.126760000000000000e+05 4.598440000000000000e+05 2.057720000000000000e+05 1.906470000000000000e+05 1.856170000000000000e+05 4.598550000000000000e+05 2.246280000000000000e+05 2.248080000000000000e+05 2.249040000000000000e+05 2.249740000000000000e+05 2.252900000000000000e+05 2.253760000000000000e+05 2.253950000000000000e+05
7.115900000000000000e+04 2.123370000000000000e+05 2.123380000000000000e+05 4.878600000000000000e+04 4.878700000000000000e+04 2.123420000000000000e+05 5.040960000000000000e+05 2.294520000000000000e+05 2.243950000000000000e+05 2.243960000000000000e+05 4.805770000000000000e+05 2.243980000000000000e+05 5.238070000000000000e+05 2.294550000000000000e+05 5.238090000000000000e+05 5.041080000000000000e+05 2.400670000000000000e+05 2.400890000000000000e+05 2.379660000000000000e+05 2.401380000000000000e+05 2.382550000000000000e+05 4.807940000000000000e+05
6.287300000000000000e+04 4.755200000000000000e+04 4.755300000000000000e+04 2.094640000000000000e+05 4.755400000000000000e+04 2.094670000000000000e+05 5.292280000000000000e+05 2.303590000000000000e+05 2.204200000000000000e+05 2.303610000000000000e+05 4.860730000000000000e+05 2.303630000000000000e+05 4.677580000000000000e+05 1.924720000000000000e+05 4.677600000000000000e+05 5.292460000000000000e+05 5.293040000000000000e+05 5.229310000000000000e+05 5.229760000000000000e+05 5.294270000000000000e+05 5.231330000000000000e+05 5.294560000000000000e+05
6.676000000000000000e+04 5.808600000000000000e+04 6.281400000000000000e+04 5.780100000000000000e+04 5.780200000000000000e+04 1.870600000000000000e+05 5.191360000000000000e+05 2.019410000000000000e+05 1.979980000000000000e+05 2.064790000000000000e+05 4.479250000000000000e+05 6.651100000000000000e+04 1.870930000000000000e+05 2.137440000000000000e+05 5.226180000000000000e+05 5.191660000000000000e+05 5.192770000000000000e+05 5.193540000000000000e+05 2.201750000000000000e+05 5.195240000000000000e+05 5.196010000000000000e+05 5.196200000000000000e+05
5.154900000000000000e+04 5.023000000000000000e+04 4.868100000000000000e+04 1.850050000000000000e+05 1.850060000000000000e+05 1.871910000000000000e+05 2.186610000000000000e+05 1.967050000000000000e+05 1.967070000000000000e+05 1.967080000000000000e+05 4.892440000000000000e+05 1.967100000000000000e+05 1.871940000000000000e+05 1.790230000000000000e+05 1.871970000000000000e+05 2.186760000000000000e+05 2.187080000000000000e+05 2.187320000000000000e+05 2.198450000000000000e+05 2.188170000000000000e+05 2.201540000000000000e+05 2.201730000000000000e+05
5.803800000000000000e+04 5.113400000000000000e+04 4.730600000000000000e+04 4.862000000000000000e+04 4.862100000000000000e+04 1.949370000000000000e+05 2.258650000000000000e+05 1.893510000000000000e+05 1.893530000000000000e+05 1.893540000000000000e+05 4.997350000000000000e+05 1.893570000000000000e+05 5.042210000000000000e+05 1.893800000000000000e+05 1.949480000000000000e+05 2.258820000000000000e+05 2.259270000000000000e+05 2.259530000000000000e+05 5.329860000000000000e+05 2.260580000000000000e+05 5.332710000000000000e+05 5.332900000000000000e+05
6.194100000000000000e+04 5.481300000000000000e+04 6.135900000000000000e+04 1.853040000000000000e+05 1.853060000000000000e+05 1.853080000000000000e+05 5.352900000000000000e+05 1.896000000000000000e+05 1.896020000000000000e+05 1.896030000000000000e+05 5.020770000000000000e+05 1.896050000000000000e+05 5.316480000000000000e+05 1.896320000000000000e+05 5.421610000000000000e+05 2.175380000000000000e+05 2.177190000000000000e+05 2.178130000000000000e+05 2.178830000000000000e+05 2.181990000000000000e+05 2.182870000000000000e+05 2.183060000000000000e+05
6.572800000000000000e+04 1.850020000000000000e+05 6.352300000000000000e+04 1.850030000000000000e+05 1.850050000000000000e+05 1.879510000000000000e+05 5.333060000000000000e+05 1.938640000000000000e+05 1.938660000000000000e+05 1.938670000000000000e+05 5.042610000000000000e+05 1.938700000000000000e+05 1.904610000000000000e+05 1.938940000000000000e+05 5.407540000000000000e+05 5.333350000000000000e+05 5.335270000000000000e+05 5.336420000000000000e+05 5.337110000000000000e+05 5.339880000000000000e+05 5.340680000000000000e+05 5.340870000000000000e+05
4.963900000000000000e+04 4.282400000000000000e+04 4.590400000000000000e+04 4.590500000000000000e+04 4.590600000000000000e+04 1.943200000000000000e+05 5.321010000000000000e+05 2.286180000000000000e+05 2.286200000000000000e+05 2.286210000000000000e+05 4.552180000000000000e+05 2.286230000000000000e+05 1.943430000000000000e+05 2.286430000000000000e+05 1.943460000000000000e+05 2.366570000000000000e+05 2.368440000000000000e+05 2.369620000000000000e+05 2.370320000000000000e+05 2.373490000000000000e+05 2.374370000000000000e+05 2.374560000000000000e+05
1.659340000000000000e+05 1.573840000000000000e+05 3.192900000000000000e+04 1.573890000000000000e+05 1.573900000000000000e+05 1.573910000000000000e+05 4.197280000000000000e+05 1.783390000000000000e+05 1.689170000000000000e+05 1.783410000000000000e+05 4.023830000000000000e+05 1.689180000000000000e+05 4.197340000000000000e+05 1.783570000000000000e+05 4.197360000000000000e+05 4.197720000000000000e+05 4.198480000000000000e+05 1.949450000000000000e+05 4.199100000000000000e+05 4.199850000000000000e+05 1.953270000000000000e+05 4.200260000000000000e+05
2.237910000000000000e+05 2.165210000000000000e+05 2.165230000000000000e+05 2.165270000000000000e+05 2.165290000000000000e+05 2.165310000000000000e+05 5.238800000000000000e+05 2.211270000000000000e+05 2.211290000000000000e+05 2.211300000000000000e+05 4.450520000000000000e+05 2.211330000000000000e+05 5.337650000000000000e+05 6.280200000000000000e+04 5.337670000000000000e+05 5.239040000000000000e+05 5.240850000000000000e+05 5.241880000000000000e+05 5.242520000000000000e+05 5.244790000000000000e+05 5.245490000000000000e+05 5.245680000000000000e+05
1.985280000000000000e+05 1.938750000000000000e+05 5.182800000000000000e+04 1.938790000000000000e+05 1.938800000000000000e+05 1.938810000000000000e+05 5.308190000000000000e+05 2.265050000000000000e+05 2.265070000000000000e+05 2.265080000000000000e+05 4.987880000000000000e+05 2.265110000000000000e+05 4.906030000000000000e+05 2.265330000000000000e+05 4.906050000000000000e+05 5.308450000000000000e+05 5.309420000000000000e+05 2.361290000000000000e+05 5.310270000000000000e+05 5.311280000000000000e+05 2.364730000000000000e+05 2.364920000000000000e+05
1.527410000000000000e+05 3.894900000000000000e+04 3.713500000000000000e+04 1.444730000000000000e+05 1.444750000000000000e+05 1.444760000000000000e+05 4.115570000000000000e+05 1.485410000000000000e+05 1.485430000000000000e+05 1.679940000000000000e+05 3.689210000000000000e+05 1.679960000000000000e+05 4.100960000000000000e+05 1.680010000000000000e+05 4.100970000000000000e+05 1.762780000000000000e+05 1.764670000000000000e+05 1.765850000000000000e+05 1.766550000000000000e+05 1.769730000000000000e+05 1.770610000000000000e+05 1.770800000000000000e+05
2.310900000000000000e+04 2.122100000000000000e+04 2.122200000000000000e+04 8.285900000000000000e+04 8.286000000000000000e+04 2.156500000000000000e+04 2.353210000000000000e+05 6.751800000000000000e+04 9.510400000000000000e+04 8.760300000000000000e+04 2.322720000000000000e+05 8.760500000000000000e+04 2.399890000000000000e+05 2.500300000000000000e+04 2.399910000000000000e+05 2.353700000000000000e+05 2.354470000000000000e+05 2.355040000000000000e+05 9.912700000000000000e+04 2.356050000000000000e+05 2.356410000000000000e+05 2.356500000000000000e+05
2.312800000000000000e+04 2.130900000000000000e+04 2.131100000000000000e+04 8.366900000000000000e+04 1.823100000000000000e+04 1.865100000000000000e+04 2.236860000000000000e+05 9.622800000000000000e+04 6.889400000000000000e+04 8.633900000000000000e+04 1.948850000000000000e+05 8.634100000000000000e+04 2.108000000000000000e+05 8.636200000000000000e+04 2.108020000000000000e+05 2.237210000000000000e+05 2.239120000000000000e+05 9.980200000000000000e+04 2.240960000000000000e+05 2.243800000000000000e+05 2.244570000000000000e+05 2.244760000000000000e+05
1.422400000000000000e+04 7.642900000000000000e+04 7.643100000000000000e+04 1.365400000000000000e+04 7.643400000000000000e+04 7.643600000000000000e+04 2.430570000000000000e+05 8.153100000000000000e+04 9.190400000000000000e+04 9.113800000000000000e+04 8.153200000000000000e+04 8.461600000000000000e+04 2.358500000000000000e+05 1.275500000000000000e+04 2.358520000000000000e+05 2.430790000000000000e+05 2.431410000000000000e+05 9.554900000000000000e+04 9.498700000000000000e+04 9.560300000000000000e+04 9.524000000000000000e+04 9.525900000000000000e+04
9.623000000000000000e+03 6.150100000000000000e+04 8.418000000000000000e+03 6.150500000000000000e+04 6.150600000000000000e+04 5.758600000000000000e+04 2.267450000000000000e+05 5.375300000000000000e+04 5.375500000000000000e+04 5.375600000000000000e+04 1.973840000000000000e+05 7.217400000000000000e+04 6.920400000000000000e+04 6.605400000000000000e+04 6.920700000000000000e+04 2.267740000000000000e+05 2.269680000000000000e+05 7.432900000000000000e+04 2.271530000000000000e+05 2.274410000000000000e+05 2.275240000000000000e+05 2.275430000000000000e+05
9.280000000000000000e+03 5.833600000000000000e+04 5.833800000000000000e+04 5.834000000000000000e+04 5.834100000000000000e+04 5.834300000000000000e+04 2.115820000000000000e+05 4.825300000000000000e+04 6.863900000000000000e+04 7.466300000000000000e+04 6.864000000000000000e+04 6.516200000000000000e+04 6.203400000000000000e+04 6.518900000000000000e+04 6.203600000000000000e+04 1.831700000000000000e+05 1.833710000000000000e+05 7.719000000000000000e+04 1.835530000000000000e+05 1.838520000000000000e+05 1.839370000000000000e+05 1.839560000000000000e+05
9.273000000000000000e+03 5.942700000000000000e+04 8.847000000000000000e+03 5.943000000000000000e+04 5.943200000000000000e+04 5.943400000000000000e+04 2.033450000000000000e+05 4.659000000000000000e+04 4.659200000000000000e+04 6.822800000000000000e+04 1.810890000000000000e+05 6.823000000000000000e+04 1.728500000000000000e+05 6.823200000000000000e+04 1.728510000000000000e+05 2.033580000000000000e+05 7.085700000000000000e+04 7.319500000000000000e+04 7.099100000000000000e+04 2.034810000000000000e+05 7.131100000000000000e+04 7.133000000000000000e+04
9.836000000000000000e+03 5.533300000000000000e+04 9.415000000000000000e+03 5.533700000000000000e+04 5.533800000000000000e+04 5.533900000000000000e+04 1.946680000000000000e+05 4.909300000000000000e+04 4.909500000000000000e+04 6.632500000000000000e+04 1.713550000000000000e+05 6.632700000000000000e+04 6.332400000000000000e+04 6.523500000000000000e+04 2.028240000000000000e+05 1.946800000000000000e+05 6.683400000000000000e+04 1.947670000000000000e+05 6.696800000000000000e+04 1.948180000000000000e+05 6.729900000000000000e+04 6.731800000000000000e+04
9.297000000000000000e+03 7.835000000000000000e+03 8.309000000000000000e+03 4.987000000000000000e+04 4.987100000000000000e+04 4.987200000000000000e+04 1.840790000000000000e+05 4.091600000000000000e+04 4.091800000000000000e+04 4.091900000000000000e+04 1.657190000000000000e+05 4.092100000000000000e+04 5.638900000000000000e+04 5.874100000000000000e+04 1.930350000000000000e+05 1.840920000000000000e+05 5.986700000000000000e+04 1.841870000000000000e+05 5.999800000000000000e+04 1.842480000000000000e+05 6.030700000000000000e+04 6.032600000000000000e+04
9.058000000000000000e+03 7.981000000000000000e+03 8.386000000000000000e+03 4.385100000000000000e+04 7.982000000000000000e+03 4.385200000000000000e+04 1.704930000000000000e+05 3.387600000000000000e+04 5.235700000000000000e+04 5.618600000000000000e+04 1.325750000000000000e+05 5.235800000000000000e+04 4.656900000000000000e+04 5.292300000000000000e+04 4.387700000000000000e+04 1.498500000000000000e+05 5.968300000000000000e+04 5.970900000000000000e+04 5.756800000000000000e+04 1.499190000000000000e+05 5.788100000000000000e+04 5.790000000000000000e+04
6.078800000000000000e+04 2.064960000000000000e+05 5.587500000000000000e+04 2.119860000000000000e+05 2.064990000000000000e+05 2.119870000000000000e+05 5.336820000000000000e+05 2.341840000000000000e+05 2.341860000000000000e+05 2.341870000000000000e+05 2.341890000000000000e+05 2.341910000000000000e+05 2.148010000000000000e+05 2.310740000000000000e+05 2.120070000000000000e+05 2.399960000000000000e+05 2.401090000000000000e+05 2.401770000000000000e+05 5.048450000000000000e+05 2.403870000000000000e+05 2.404510000000000000e+05 2.404670000000000000e+05
6.365600000000000000e+04 1.715780000000000000e+05 6.216200000000000000e+04 1.715800000000000000e+05 1.661360000000000000e+05 6.216300000000000000e+04 5.281260000000000000e+05 2.174430000000000000e+05 2.174450000000000000e+05 2.174460000000000000e+05 5.109180000000000000e+05 2.111600000000000000e+05 1.800450000000000000e+05 2.111790000000000000e+05 4.982310000000000000e+05 2.233170000000000000e+05 2.234850000000000000e+05 2.345150000000000000e+05 2.236440000000000000e+05 2.345460000000000000e+05 2.239970000000000000e+05 2.240160000000000000e+05
1.919600000000000000e+05 1.785100000000000000e+05 5.251200000000000000e+04 5.399600000000000000e+04 5.251300000000000000e+04 1.872750000000000000e+05 4.824390000000000000e+05 1.720730000000000000e+05 1.720750000000000000e+05 2.060860000000000000e+05 4.659170000000000000e+05 2.048650000000000000e+05 4.595390000000000000e+05 2.048660000000000000e+05 4.595410000000000000e+05 2.130040000000000000e+05 2.130960000000000000e+05 4.686720000000000000e+05 2.131850000000000000e+05 4.687400000000000000e+05 2.133340000000000000e+05 2.133530000000000000e+05
7.411400000000000000e+04 1.909480000000000000e+05 6.810800000000000000e+04 6.573500000000000000e+04 1.909500000000000000e+05 6.573600000000000000e+04 5.228260000000000000e+05 2.155370000000000000e+05 2.155390000000000000e+05 2.155400000000000000e+05 5.198340000000000000e+05 2.155420000000000000e+05 1.965490000000000000e+05 2.123080000000000000e+05 1.965510000000000000e+05 2.266410000000000000e+05 2.266930000000000000e+05 2.267200000000000000e+05 2.244680000000000000e+05 5.229540000000000000e+05 2.247430000000000000e+05 2.247620000000000000e+05
2.288720000000000000e+05 2.250990000000000000e+05 4.433300000000000000e+04 4.558000000000000000e+04 4.558100000000000000e+04 5.165200000000000000e+04 5.566470000000000000e+05 2.569800000000000000e+05 2.569820000000000000e+05 2.569830000000000000e+05 5.218070000000000000e+05 2.569850000000000000e+05 2.251140000000000000e+05 2.537340000000000000e+05 2.251170000000000000e+05 2.643060000000000000e+05 2.633010000000000000e+05 2.633130000000000000e+05 2.618130000000000000e+05 2.644150000000000000e+05 2.620460000000000000e+05 2.644300000000000000e+05
2.000340000000000000e+05 6.628000000000000000e+04 5.527100000000000000e+04 2.145670000000000000e+05 6.543900000000000000e+04 2.145680000000000000e+05 5.518790000000000000e+05 2.017090000000000000e+05 2.017110000000000000e+05 2.313610000000000000e+05 5.163400000000000000e+05 2.313630000000000000e+05 2.277680000000000000e+05 2.293430000000000000e+05 2.277710000000000000e+05 2.411090000000000000e+05 2.405930000000000000e+05 2.412110000000000000e+05 5.222350000000000000e+05 2.412820000000000000e+05 2.407190000000000000e+05 2.407380000000000000e+05
2.453420000000000000e+05 2.254950000000000000e+05 6.248100000000000000e+04 2.364400000000000000e+05 2.254970000000000000e+05 2.364410000000000000e+05 5.471370000000000000e+05 2.196350000000000000e+05 2.453480000000000000e+05 2.478360000000000000e+05 5.169240000000000000e+05 2.478380000000000000e+05 2.392460000000000000e+05 2.453610000000000000e+05 2.392490000000000000e+05 2.561280000000000000e+05 2.565730000000000000e+05 2.566010000000000000e+05 2.557420000000000000e+05 5.208850000000000000e+05 2.559560000000000000e+05 2.567570000000000000e+05
1.926150000000000000e+05 1.926170000000000000e+05 5.351300000000000000e+04 1.981300000000000000e+05 1.981310000000000000e+05 2.117620000000000000e+05 5.609330000000000000e+05 2.348790000000000000e+05 2.348810000000000000e+05 2.348820000000000000e+05 5.354890000000000000e+05 2.348850000000000000e+05 2.138430000000000000e+05 2.298060000000000000e+05 5.296210000000000000e+05 2.439810000000000000e+05 2.440880000000000000e+05 2.441480000000000000e+05 5.389730000000000000e+05 2.443300000000000000e+05 2.443870000000000000e+05 2.444000000000000000e+05
1.264990000000000000e+05 1.153430000000000000e+05 2.417500000000000000e+04 1.153460000000000000e+05 1.153470000000000000e+05 1.153490000000000000e+05 3.584230000000000000e+05 1.102570000000000000e+05 1.437840000000000000e+05 1.437850000000000000e+05 3.257930000000000000e+05 1.437870000000000000e+05 3.682370000000000000e+05 1.437940000000000000e+05 3.682380000000000000e+05 1.478280000000000000e+05 1.480180000000000000e+05 1.481120000000000000e+05 1.481810000000000000e+05 1.484890000000000000e+05 1.485800000000000000e+05 1.485990000000000000e+05
3.946300000000000000e+04 1.396500000000000000e+05 1.396520000000000000e+05 1.396540000000000000e+05 1.396550000000000000e+05 4.290800000000000000e+04 4.068900000000000000e+05 1.632390000000000000e+05 1.328870000000000000e+05 1.632410000000000000e+05 1.328880000000000000e+05 1.608220000000000000e+05 3.634210000000000000e+05 1.587720000000000000e+05 1.450580000000000000e+05 1.665940000000000000e+05 1.667950000000000000e+05 1.669130000000000000e+05 1.669830000000000000e+05 1.672910000000000000e+05 1.673830000000000000e+05 1.674020000000000000e+05
5.075700000000000000e+04 1.480380000000000000e+05 5.249900000000000000e+04 1.647910000000000000e+05 1.647920000000000000e+05 5.451800000000000000e+04 4.333600000000000000e+05 1.929080000000000000e+05 1.879610000000000000e+05 1.929100000000000000e+05 4.438800000000000000e+05 1.929120000000000000e+05 4.296680000000000000e+05 1.879730000000000000e+05 4.296690000000000000e+05 1.992690000000000000e+05 1.994700000000000000e+05 1.995880000000000000e+05 1.996580000000000000e+05 1.999630000000000000e+05 2.000560000000000000e+05 2.000750000000000000e+05
4.893100000000000000e+04 4.938300000000000000e+04 1.178250000000000000e+05 5.431700000000000000e+04 5.636100000000000000e+04 5.431800000000000000e+04 3.808840000000000000e+05 1.125980000000000000e+05 1.155270000000000000e+05 1.125990000000000000e+05 1.155290000000000000e+05 1.669590000000000000e+05 1.471740000000000000e+05 1.178360000000000000e+05 4.282510000000000000e+05 1.719430000000000000e+05 1.721120000000000000e+05 1.736220000000000000e+05 1.722710000000000000e+05 1.736620000000000000e+05 1.726190000000000000e+05 1.726380000000000000e+05
6.591800000000000000e+04 7.633100000000000000e+04 7.748600000000000000e+04 8.120300000000000000e+04 2.212300000000000000e+05 8.120400000000000000e+04 5.515950000000000000e+05 2.395230000000000000e+05 2.395240000000000000e+05 2.353810000000000000e+05 2.395250000000000000e+05 2.353830000000000000e+05 5.328960000000000000e+05 2.353860000000000000e+05 5.328970000000000000e+05 2.474750000000000000e+05 2.475520000000000000e+05 2.476030000000000000e+05 2.451500000000000000e+05 2.476810000000000000e+05 2.454430000000000000e+05 2.454620000000000000e+05
4.215200000000000000e+04 1.921520000000000000e+05 1.921540000000000000e+05 1.921570000000000000e+05 1.921580000000000000e+05 1.921590000000000000e+05 4.601150000000000000e+05 2.031970000000000000e+05 1.983630000000000000e+05 2.031990000000000000e+05 1.983640000000000000e+05 1.983660000000000000e+05 1.773140000000000000e+05 1.921960000000000000e+05 1.773160000000000000e+05 2.055860000000000000e+05 2.057910000000000000e+05 2.059090000000000000e+05 2.059790000000000000e+05 2.063020000000000000e+05 2.063960000000000000e+05 2.064150000000000000e+05
5.117900000000000000e+04 5.352200000000000000e+04 5.523600000000000000e+04 2.173910000000000000e+05 6.923500000000000000e+04 2.269410000000000000e+05 5.494250000000000000e+05 2.548140000000000000e+05 2.531860000000000000e+05 2.548160000000000000e+05 2.548180000000000000e+05 2.548190000000000000e+05 2.269590000000000000e+05 2.383980000000000000e+05 5.362220000000000000e+05 2.567690000000000000e+05 2.569560000000000000e+05 2.570690000000000000e+05 2.571310000000000000e+05 2.573800000000000000e+05 2.574500000000000000e+05 2.574690000000000000e+05
3.494300000000000000e+04 3.847100000000000000e+04 3.847200000000000000e+04 4.574600000000000000e+04 4.753300000000000000e+04 4.574700000000000000e+04 4.339400000000000000e+05 1.896030000000000000e+05 1.565680000000000000e+05 1.885390000000000000e+05 1.565690000000000000e+05 1.864350000000000000e+05 1.649200000000000000e+05 4.412700000000000000e+05 4.322410000000000000e+05 1.905630000000000000e+05 1.907680000000000000e+05 1.908860000000000000e+05 1.909560000000000000e+05 1.912790000000000000e+05 1.913770000000000000e+05 1.913960000000000000e+05
5.058900000000000000e+04 5.520400000000000000e+04 5.520600000000000000e+04 6.206800000000000000e+04 5.520800000000000000e+04 6.206900000000000000e+04 5.747030000000000000e+05 2.371870000000000000e+05 2.371890000000000000e+05 2.371900000000000000e+05 2.402000000000000000e+05 2.371920000000000000e+05 2.132570000000000000e+05 2.311710000000000000e+05 5.350930000000000000e+05 2.454230000000000000e+05 2.455190000000000000e+05 2.455710000000000000e+05 2.434420000000000000e+05 2.457070000000000000e+05 2.435680000000000000e+05 2.457520000000000000e+05
5.434200000000000000e+04 6.045900000000000000e+04 6.046100000000000000e+04 6.772400000000000000e+04 2.096380000000000000e+05 2.096390000000000000e+05 5.594070000000000000e+05 2.367980000000000000e+05 2.368000000000000000e+05 2.368010000000000000e+05 2.368030000000000000e+05 2.368050000000000000e+05 5.594080000000000000e+05 2.268370000000000000e+05 4.938320000000000000e+05 2.387850000000000000e+05 2.389160000000000000e+05 2.389870000000000000e+05 2.390400000000000000e+05 2.391840000000000000e+05 2.392400000000000000e+05 2.392590000000000000e+05
1.147730000000000000e+05 1.392510000000000000e+05 3.817650000000000000e+05 3.953130000000000000e+05 3.953140000000000000e+05 3.953150000000000000e+05 3.639060000000000000e+05 4.609600000000000000e+05 4.609620000000000000e+05 4.557670000000000000e+05 4.609630000000000000e+05 4.557690000000000000e+05 4.189500000000000000e+05 3.529420000000000000e+05 4.514310000000000000e+05 4.681390000000000000e+05 4.682300000000000000e+05 4.682820000000000000e+05 4.643230000000000000e+05 4.683900000000000000e+05 4.646000000000000000e+05 4.684240000000000000e+05
1.912910000000000000e+05 1.887260000000000000e+05 1.887280000000000000e+05 4.978010000000000000e+05 2.030500000000000000e+05 4.978020000000000000e+05 4.790600000000000000e+05 5.610990000000000000e+05 5.611010000000000000e+05 5.611020000000000000e+05 5.611040000000000000e+05 5.611050000000000000e+05 5.084520000000000000e+05 5.399040000000000000e+05 5.084550000000000000e+05 5.679010000000000000e+05 5.680610000000000000e+05 5.753080000000000000e+05 5.681950000000000000e+05 5.753540000000000000e+05 5.685420000000000000e+05 5.685610000000000000e+05
1.250120000000000000e+05 3.278640000000000000e+05 3.278650000000000000e+05 3.434720000000000000e+05 1.245690000000000000e+05 3.434730000000000000e+05 3.115850000000000000e+05 3.956750000000000000e+05 3.956770000000000000e+05 3.956780000000000000e+05 3.956800000000000000e+05 3.956820000000000000e+05 2.827150000000000000e+05 3.796210000000000000e+05 2.827170000000000000e+05 4.018840000000000000e+05 4.019670000000000000e+05 4.020190000000000000e+05 3.909460000000000000e+05 4.021080000000000000e+05 3.912400000000000000e+05 3.912590000000000000e+05
5.142400000000000000e+05 5.454230000000000000e+05 5.454240000000000000e+05 5.093540000000000000e+05 5.188490000000000000e+05 1.756000000000000000e+05 4.692820000000000000e+05 5.679320000000000000e+05 5.679340000000000000e+05 5.679350000000000000e+05 5.679370000000000000e+05 5.679390000000000000e+05 4.563490000000000000e+05 5.519570000000000000e+05 4.563500000000000000e+05 5.791760000000000000e+05 5.792760000000000000e+05 5.793290000000000000e+05 5.631210000000000000e+05 5.794660000000000000e+05 5.795100000000000000e+05 5.795190000000000000e+05
4.178630000000000000e+05 2.049850000000000000e+05 2.049860000000000000e+05 1.851240000000000000e+05 2.001920000000000000e+05 1.851250000000000000e+05 4.480010000000000000e+05 5.393020000000000000e+05 5.393040000000000000e+05 5.393050000000000000e+05 5.393070000000000000e+05 5.314960000000000000e+05 4.142290000000000000e+05 5.215260000000000000e+05 4.142300000000000000e+05 5.522910000000000000e+05 5.524960000000000000e+05 5.526140000000000000e+05 5.526840000000000000e+05 5.530070000000000000e+05 5.531020000000000000e+05 5.531210000000000000e+05
5.122420000000000000e+05 2.159480000000000000e+05 2.159490000000000000e+05 5.229320000000000000e+05 2.088420000000000000e+05 5.229330000000000000e+05 4.564470000000000000e+05 5.617100000000000000e+05 5.617120000000000000e+05 5.617130000000000000e+05 5.617150000000000000e+05 5.617170000000000000e+05 4.564480000000000000e+05 5.477710000000000000e+05 4.564490000000000000e+05 5.682750000000000000e+05 5.540550000000000000e+05 5.683820000000000000e+05 5.573770000000000000e+05 5.684290000000000000e+05 5.544620000000000000e+05 5.544810000000000000e+05
3.469330000000000000e+05 3.469350000000000000e+05 3.469360000000000000e+05 1.871110000000000000e+05 3.506860000000000000e+05 3.550900000000000000e+05 3.342130000000000000e+05 3.870310000000000000e+05 2.045830000000000000e+05 3.870330000000000000e+05 3.870350000000000000e+05 3.870370000000000000e+05 3.661230000000000000e+05 3.798930000000000000e+05 3.134560000000000000e+05 3.899370000000000000e+05 3.901420000000000000e+05 3.902600000000000000e+05 3.903300000000000000e+05 3.906530000000000000e+05 3.907510000000000000e+05 3.907700000000000000e+05
3.002480000000000000e+05 1.255120000000000000e+05 1.255130000000000000e+05 3.002520000000000000e+05 1.196060000000000000e+05 3.002540000000000000e+05 2.635560000000000000e+05 3.199560000000000000e+05 3.199580000000000000e+05 3.199590000000000000e+05 3.199610000000000000e+05 3.199630000000000000e+05 2.472160000000000000e+05 3.003060000000000000e+05 2.472170000000000000e+05 3.204240000000000000e+05 3.205920000000000000e+05 3.207050000000000000e+05 3.182780000000000000e+05 3.210180000000000000e+05 3.210990000000000000e+05 3.211180000000000000e+05
1.125320000000000000e+05 2.735740000000000000e+05 2.735760000000000000e+05 2.735800000000000000e+05 2.735820000000000000e+05 2.735840000000000000e+05 2.664990000000000000e+05 2.365350000000000000e+05 3.030630000000000000e+05 2.365370000000000000e+05 2.365390000000000000e+05 2.365400000000000000e+05 2.913940000000000000e+05 2.982310000000000000e+05 2.913960000000000000e+05 3.049010000000000000e+05 3.050660000000000000e+05 3.051700000000000000e+05 3.042400000000000000e+05 3.054690000000000000e+05 3.055490000000000000e+05 3.055680000000000000e+05
1.257290000000000000e+05 2.671630000000000000e+05 2.933100000000000000e+05 2.746230000000000000e+05 2.671640000000000000e+05 2.746250000000000000e+05 2.568460000000000000e+05 3.025730000000000000e+05 3.025750000000000000e+05 3.025760000000000000e+05 3.025780000000000000e+05 3.025800000000000000e+05 2.825360000000000000e+05 2.933400000000000000e+05 2.825380000000000000e+05 2.987340000000000000e+05 2.989350000000000000e+05 2.990530000000000000e+05 2.991230000000000000e+05 2.994280000000000000e+05 2.995220000000000000e+05 2.995410000000000000e+05
1.086260000000000000e+05 2.672620000000000000e+05 2.835390000000000000e+05 2.672650000000000000e+05 1.129960000000000000e+05 2.618030000000000000e+05 2.539930000000000000e+05 2.149350000000000000e+05 2.149370000000000000e+05 2.149380000000000000e+05 2.149400000000000000e+05 2.149410000000000000e+05 2.737690000000000000e+05 2.835590000000000000e+05 2.539950000000000000e+05 2.916000000000000000e+05 2.916940000000000000e+05 2.917460000000000000e+05 2.891600000000000000e+05 2.918650000000000000e+05 2.894450000000000000e+05 2.919020000000000000e+05
2.047240000000000000e+05 2.149350000000000000e+05 2.149360000000000000e+05 1.986120000000000000e+05 2.149380000000000000e+05 1.986130000000000000e+05 1.927560000000000000e+05 2.245920000000000000e+05 2.245940000000000000e+05 2.245950000000000000e+05 2.245970000000000000e+05 2.245990000000000000e+05 2.108090000000000000e+05 2.149610000000000000e+05 1.788550000000000000e+05 2.217170000000000000e+05 2.219220000000000000e+05 2.220400000000000000e+05 2.221100000000000000e+05 2.224330000000000000e+05 2.225340000000000000e+05 2.225530000000000000e+05
3.308080000000000000e+05 3.612000000000000000e+05 3.612010000000000000e+05 3.470350000000000000e+05 3.612030000000000000e+05 3.470370000000000000e+05 3.239940000000000000e+05 3.687870000000000000e+05 3.687890000000000000e+05 2.769830000000000000e+05 3.687910000000000000e+05 3.687930000000000000e+05 3.534740000000000000e+05 3.612290000000000000e+05 2.936790000000000000e+05 3.660570000000000000e+05 3.662500000000000000e+05 3.663680000000000000e+05 3.664360000000000000e+05 3.667410000000000000e+05 3.668390000000000000e+05 3.668580000000000000e+05
3.339280000000000000e+05 3.645120000000000000e+05 3.645130000000000000e+05 3.502630000000000000e+05 3.645150000000000000e+05 3.502650000000000000e+05 3.271140000000000000e+05 3.721220000000000000e+05 3.721240000000000000e+05 2.800250000000000000e+05 3.721260000000000000e+05 3.721280000000000000e+05 3.567190000000000000e+05 3.645410000000000000e+05 2.967500000000000000e+05 3.693690000000000000e+05 3.695620000000000000e+05 3.696800000000000000e+05 3.697480000000000000e+05 3.700530000000000000e+05 3.701510000000000000e+05 3.701700000000000000e+05
6.678400000000000000e+04 2.616390000000000000e+05 2.616400000000000000e+05 2.517210000000000000e+05 2.616430000000000000e+05 2.517230000000000000e+05 2.276460000000000000e+05 2.739880000000000000e+05 2.739900000000000000e+05 2.739910000000000000e+05 2.739930000000000000e+05 2.739950000000000000e+05 2.483580000000000000e+05 2.197250000000000000e+05 2.197270000000000000e+05 2.701570000000000000e+05 2.703620000000000000e+05 2.704800000000000000e+05 2.705500000000000000e+05 2.708730000000000000e+05 2.709690000000000000e+05 2.709880000000000000e+05
1.248510000000000000e+05 3.888560000000000000e+05 3.888570000000000000e+05 3.773060000000000000e+05 3.888600000000000000e+05 3.773070000000000000e+05 3.394550000000000000e+05 4.044980000000000000e+05 4.045000000000000000e+05 4.045010000000000000e+05 4.045030000000000000e+05 4.045040000000000000e+05 3.773270000000000000e+05 3.935420000000000000e+05 3.203610000000000000e+05 3.999680000000000000e+05 4.000680000000000000e+05 4.001210000000000000e+05 4.048100000000000000e+05 4.002470000000000000e+05 4.002920000000000000e+05 4.003010000000000000e+05
1.386470000000000000e+05 3.952410000000000000e+05 3.952420000000000000e+05 3.850350000000000000e+05 3.894660000000000000e+05 3.850370000000000000e+05 3.486780000000000000e+05 4.076660000000000000e+05 4.076680000000000000e+05 3.002160000000000000e+05 4.076700000000000000e+05 4.076710000000000000e+05 3.776990000000000000e+05 3.252970000000000000e+05 3.252990000000000000e+05 3.999240000000000000e+05 4.001290000000000000e+05 4.002470000000000000e+05 4.003170000000000000e+05 4.006400000000000000e+05 4.007390000000000000e+05 4.007580000000000000e+05
3.017560000000000000e+05 3.270510000000000000e+05 3.336820000000000000e+05 3.270530000000000000e+05 3.270540000000000000e+05 3.085990000000000000e+05 3.026030000000000000e+05 2.267680000000000000e+05 3.398360000000000000e+05 2.267700000000000000e+05 3.398370000000000000e+05 3.398380000000000000e+05 3.172780000000000000e+05 3.337010000000000000e+05 2.780160000000000000e+05 3.359690000000000000e+05 3.361620000000000000e+05 3.362560000000000000e+05 3.363220000000000000e+05 3.366300000000000000e+05 3.367220000000000000e+05 3.367410000000000000e+05
3.302520000000000000e+05 3.060320000000000000e+05 1.014630000000000000e+05 3.358910000000000000e+05 3.060330000000000000e+05 3.333180000000000000e+05 3.100900000000000000e+05 3.503470000000000000e+05 3.503490000000000000e+05 3.503500000000000000e+05 3.503520000000000000e+05 3.503540000000000000e+05 3.265380000000000000e+05 3.397780000000000000e+05 2.882970000000000000e+05 3.445660000000000000e+05 3.447610000000000000e+05 3.448790000000000000e+05 3.449470000000000000e+05 3.452520000000000000e+05 3.453500000000000000e+05 3.453690000000000000e+05
1.354490000000000000e+05 2.614600000000000000e+05 2.614610000000000000e+05 2.918980000000000000e+05 2.614640000000000000e+05 2.739930000000000000e+05 2.526140000000000000e+05 3.007860000000000000e+05 3.007880000000000000e+05 2.358650000000000000e+05 3.007900000000000000e+05 3.007920000000000000e+05 2.832570000000000000e+05 2.919050000000000000e+05 2.299390000000000000e+05 2.965610000000000000e+05 2.966770000000000000e+05 2.967420000000000000e+05 3.010510000000000000e+05 2.969310000000000000e+05 2.970070000000000000e+05 2.970260000000000000e+05
1.344670000000000000e+05 3.985230000000000000e+05 3.985240000000000000e+05 3.985260000000000000e+05 3.616770000000000000e+05 3.909680000000000000e+05 3.578150000000000000e+05 3.318520000000000000e+05 4.124830000000000000e+05 3.318540000000000000e+05 4.124840000000000000e+05 3.318560000000000000e+05 3.887410000000000000e+05 4.014730000000000000e+05 3.483110000000000000e+05 4.088260000000000000e+05 4.126740000000000000e+05 4.089460000000000000e+05 4.128030000000000000e+05 4.090230000000000000e+05 4.131300000000000000e+05 4.131490000000000000e+05
1.168280000000000000e+05 3.890410000000000000e+05 3.890420000000000000e+05 3.890430000000000000e+05 3.890450000000000000e+05 3.611970000000000000e+05 3.693400000000000000e+05 3.965570000000000000e+05 3.965590000000000000e+05 3.965600000000000000e+05 3.965620000000000000e+05 3.965640000000000000e+05 3.785160000000000000e+05 3.667010000000000000e+05 3.693430000000000000e+05 4.008110000000000000e+05 4.010130000000000000e+05 4.011310000000000000e+05 4.012010000000000000e+05 4.015100000000000000e+05 4.016090000000000000e+05 4.016280000000000000e+05
3.589460000000000000e+05 4.003460000000000000e+05 4.003470000000000000e+05 4.003490000000000000e+05 4.003510000000000000e+05 3.833570000000000000e+05 3.364800000000000000e+05 2.874290000000000000e+05 2.874310000000000000e+05 2.874320000000000000e+05 2.874340000000000000e+05 2.874360000000000000e+05 3.724870000000000000e+05 4.049220000000000000e+05 3.364830000000000000e+05 4.108390000000000000e+05 4.110400000000000000e+05 4.111580000000000000e+05 4.112280000000000000e+05 4.115270000000000000e+05 4.116220000000000000e+05 4.116410000000000000e+05
3.395650000000000000e+05 3.494780000000000000e+05 1.112850000000000000e+05 3.494790000000000000e+05 3.227360000000000000e+05 3.395690000000000000e+05 3.158800000000000000e+05 3.053150000000000000e+05 3.053170000000000000e+05 3.053180000000000000e+05 3.053200000000000000e+05 3.129200000000000000e+05 3.460590000000000000e+05 3.495090000000000000e+05 2.960540000000000000e+05 3.574490000000000000e+05 3.575690000000000000e+05 3.576310000000000000e+05 3.576800000000000000e+05 3.577850000000000000e+05 3.578650000000000000e+05 3.578870000000000000e+05
3.589540000000000000e+05 3.785300000000000000e+05 3.785310000000000000e+05 3.720240000000000000e+05 3.720260000000000000e+05 3.720280000000000000e+05 3.373460000000000000e+05 3.357550000000000000e+05 3.401910000000000000e+05 3.401920000000000000e+05 3.401940000000000000e+05 3.401960000000000000e+05 3.645530000000000000e+05 3.220510000000000000e+05 3.220530000000000000e+05 3.833030000000000000e+05 3.834830000000000000e+05 3.835610000000000000e+05 3.836310000000000000e+05 3.839480000000000000e+05 3.840370000000000000e+05 3.840560000000000000e+05
3.447440000000000000e+05 1.101790000000000000e+05 1.101800000000000000e+05 3.307370000000000000e+05 3.307390000000000000e+05 3.307410000000000000e+05 3.417930000000000000e+05 2.877250000000000000e+05 2.877270000000000000e+05 2.877280000000000000e+05 2.947980000000000000e+05 2.983470000000000000e+05 3.085810000000000000e+05 3.279300000000000000e+05 3.279320000000000000e+05 3.602450000000000000e+05 3.604500000000000000e+05 3.605680000000000000e+05 3.606380000000000000e+05 3.609610000000000000e+05 3.610530000000000000e+05 3.610720000000000000e+05
3.324680000000000000e+05 3.246430000000000000e+05 3.246440000000000000e+05 3.464580000000000000e+05 3.246450000000000000e+05 3.464610000000000000e+05 3.232040000000000000e+05 2.886230000000000000e+05 3.613070000000000000e+05 2.886250000000000000e+05 3.613080000000000000e+05 2.886270000000000000e+05 3.400250000000000000e+05 3.464850000000000000e+05 3.190170000000000000e+05 3.613680000000000000e+05 3.615450000000000000e+05 3.595170000000000000e+05 3.617090000000000000e+05 3.595620000000000000e+05 3.620790000000000000e+05 3.620980000000000000e+05
3.771260000000000000e+05 4.031520000000000000e+05 4.031540000000000000e+05 4.031550000000000000e+05 3.228970000000000000e+05 4.031580000000000000e+05 3.701690000000000000e+05 2.869850000000000000e+05 2.869870000000000000e+05 2.869880000000000000e+05 2.869900000000000000e+05 2.886270000000000000e+05 3.490690000000000000e+05 3.363970000000000000e+05 3.600030000000000000e+05 4.082930000000000000e+05 4.083840000000000000e+05 4.084360000000000000e+05 4.128640000000000000e+05 4.085610000000000000e+05 4.131570000000000000e+05 4.131760000000000000e+05
3.131300000000000000e+05 3.440490000000000000e+05 3.260400000000000000e+04 3.440510000000000000e+05 3.440530000000000000e+05 3.440550000000000000e+05 3.201510000000000000e+05 3.556050000000000000e+05 3.556070000000000000e+05 3.556080000000000000e+05 3.556100000000000000e+05 2.569120000000000000e+05 3.216240000000000000e+05 3.441080000000000000e+05 3.201520000000000000e+05 3.557050000000000000e+05 3.558700000000000000e+05 3.528510000000000000e+05 3.560150000000000000e+05 3.529140000000000000e+05 3.564210000000000000e+05 3.564550000000000000e+05
3.953790000000000000e+05 3.828580000000000000e+05 3.828600000000000000e+05 3.828620000000000000e+05 3.828640000000000000e+05 3.828660000000000000e+05 3.707460000000000000e+05 3.242920000000000000e+05 3.242940000000000000e+05 3.242950000000000000e+05 3.242970000000000000e+05 3.242990000000000000e+05 4.049440000000000000e+05 4.107430000000000000e+05 3.459590000000000000e+05 3.243950000000000000e+05 3.245500000000000000e+05 4.147830000000000000e+05 3.247020000000000000e+05 4.148510000000000000e+05 3.251130000000000000e+05 3.251480000000000000e+05
8.842400000000000000e+04 3.579220000000000000e+05 6.195700000000000000e+04 3.579250000000000000e+05 3.648540000000000000e+05 3.579280000000000000e+05 3.705910000000000000e+05 3.937160000000000000e+05 3.937180000000000000e+05 3.937190000000000000e+05 3.937210000000000000e+05 3.101490000000000000e+05 3.867970000000000000e+05 3.903840000000000000e+05 3.463390000000000000e+05 3.938000000000000000e+05 3.939680000000000000e+05 3.920580000000000000e+05 3.941230000000000000e+05 3.921190000000000000e+05 3.945090000000000000e+05 3.945280000000000000e+05
9.514000000000000000e+04 3.711490000000000000e+05 3.711510000000000000e+05 3.711530000000000000e+05 3.711550000000000000e+05 3.711570000000000000e+05 3.751410000000000000e+05 3.306530000000000000e+05 4.086750000000000000e+05 3.306550000000000000e+05 4.137130000000000000e+05 3.306570000000000000e+05 3.960560000000000000e+05 4.005020000000000000e+05 3.634890000000000000e+05 4.087220000000000000e+05 4.089270000000000000e+05 4.090450000000000000e+05 4.091150000000000000e+05 4.094380000000000000e+05 4.095310000000000000e+05 4.095500000000000000e+05
3.789400000000000000e+05 3.953830000000000000e+05 3.953850000000000000e+05 3.953870000000000000e+05 3.953880000000000000e+05 3.906240000000000000e+05 3.712170000000000000e+05 3.145360000000000000e+05 4.070050000000000000e+05 3.145380000000000000e+05 4.070060000000000000e+05 2.986890000000000000e+05 3.879420000000000000e+05 3.954380000000000000e+05 3.506960000000000000e+05 3.996110000000000000e+05 4.071840000000000000e+05 3.997380000000000000e+05 4.073100000000000000e+05 3.998340000000000000e+05 4.076510000000000000e+05 4.076790000000000000e+05
4.042700000000000000e+05 1.258620000000000000e+05 1.258630000000000000e+05 3.802490000000000000e+05 3.802510000000000000e+05 3.802530000000000000e+05 3.595720000000000000e+05 3.507360000000000000e+05 3.507380000000000000e+05 3.507390000000000000e+05 3.507410000000000000e+05 3.606610000000000000e+05 4.086380000000000000e+05 4.112170000000000000e+05 3.540680000000000000e+05 3.607130000000000000e+05 3.509580000000000000e+05 3.608390000000000000e+05 3.510880000000000000e+05 3.609300000000000000e+05 3.514870000000000000e+05 3.515300000000000000e+05
3.012040000000000000e+05 8.492900000000000000e+04 8.493000000000000000e+04 3.154230000000000000e+05 3.154240000000000000e+05 2.922800000000000000e+05 2.894080000000000000e+05 2.820690000000000000e+05 3.235470000000000000e+05 2.658250000000000000e+05 3.235480000000000000e+05 3.235500000000000000e+05 3.095180000000000000e+05 3.154700000000000000e+05 2.740170000000000000e+05 3.236420000000000000e+05 3.238440000000000000e+05 3.239620000000000000e+05 3.240320000000000000e+05 3.243400000000000000e+05 3.244440000000000000e+05 3.244630000000000000e+05
