1.330460000000000000e+05 3.904320000000000000e+05 3.904330000000000000e+05 1.416730000000000000e+05 3.904350000000000000e+05 3.904360000000000000e+05 4.725170000000000000e+05 2.961360000000000000e+05 2.937460000000000000e+05 2.961380000000000000e+05 4.849770000000000000e+05 2.961400000000000000e+05 2.961540000000000000e+05 4.140650000000000000e+05 2.961570000000000000e+05 4.725460000000000000e+05 4.727510000000000000e+05 4.728690000000000000e+05 4.729390000000000000e+05 4.732620000000000000e+05 4.733580000000000000e+05 4.733770000000000000e+05
8.286700000000000000e+04 8.551100000000000000e+04 8.551200000000000000e+04 8.551400000000000000e+04 3.660070000000000000e+05 3.084390000000000000e+05 7.623710000000000000e+05 3.184700000000000000e+05 3.156530000000000000e+05 3.184720000000000000e+05 7.182540000000000000e+05 3.184740000000000000e+05 3.184910000000000000e+05 3.156590000000000000e+05 3.184940000000000000e+05 7.624000000000000000e+05 7.626050000000000000e+05 7.627230000000000000e+05 7.627930000000000000e+05 7.631160000000000000e+05 7.632070000000000000e+05 7.632260000000000000e+05
1.031610000000000000e+05 1.079720000000000000e+05 1.079730000000000000e+05 1.079750000000000000e+05 2.916160000000000000e+05 2.916170000000000000e+05 7.489990000000000000e+05 3.051380000000000000e+05 3.010430000000000000e+05 3.051400000000000000e+05 7.577400000000000000e+05 3.051420000000000000e+05 3.010660000000000000e+05 3.087180000000000000e+05 3.051570000000000000e+05 7.490290000000000000e+05 7.492340000000000000e+05 7.493520000000000000e+05 7.494220000000000000e+05 7.497450000000000000e+05 7.498360000000000000e+05 7.498550000000000000e+05
1.023250000000000000e+05 1.067210000000000000e+05 1.083380000000000000e+05 1.067240000000000000e+05 3.564870000000000000e+05 1.067260000000000000e+05 7.543750000000000000e+05 3.519170000000000000e+05 2.978850000000000000e+05 3.519190000000000000e+05 7.661870000000000000e+05 3.519210000000000000e+05 3.519390000000000000e+05 3.008680000000000000e+05 3.519420000000000000e+05 7.544080000000000000e+05 7.546130000000000000e+05 7.547310000000000000e+05 7.548010000000000000e+05 7.551240000000000000e+05 7.552270000000000000e+05 7.552460000000000000e+05
1.093400000000000000e+05 1.168410000000000000e+05 1.168420000000000000e+05 1.168440000000000000e+05 3.882020000000000000e+05 1.159600000000000000e+05 7.572390000000000000e+05 3.186440000000000000e+05 3.277530000000000000e+05 3.277540000000000000e+05 7.104360000000000000e+05 3.277560000000000000e+05 3.823630000000000000e+05 3.277640000000000000e+05 3.823660000000000000e+05 7.572700000000000000e+05 7.574750000000000000e+05 7.575930000000000000e+05 7.576630000000000000e+05 7.579860000000000000e+05 7.580770000000000000e+05 7.580960000000000000e+05
1.135910000000000000e+05 1.218260000000000000e+05 1.218270000000000000e+05 1.218290000000000000e+05 3.056130000000000000e+05 1.211470000000000000e+05 7.644660000000000000e+05 3.120810000000000000e+05 3.120820000000000000e+05 3.120830000000000000e+05 7.003730000000000000e+05 3.120850000000000000e+05 3.121020000000000000e+05 3.191820000000000000e+05 3.121050000000000000e+05 7.644970000000000000e+05 7.647020000000000000e+05 7.648200000000000000e+05 7.648880000000000000e+05 7.652110000000000000e+05 7.653050000000000000e+05 7.653240000000000000e+05
9.507700000000000000e+04 1.002960000000000000e+05 1.002970000000000000e+05 1.002990000000000000e+05 3.501970000000000000e+05 9.951300000000000000e+04 7.597260000000000000e+05 2.955840000000000000e+05 2.955860000000000000e+05 2.955870000000000000e+05 7.040950000000000000e+05 2.955890000000000000e+05 3.409500000000000000e+05 2.998250000000000000e+05 3.409520000000000000e+05 7.597550000000000000e+05 7.599600000000000000e+05 7.600780000000000000e+05 7.601480000000000000e+05 7.604710000000000000e+05 7.605620000000000000e+05 7.605810000000000000e+05
3.273920000000000000e+05 8.615500000000000000e+04 8.615600000000000000e+04 8.615800000000000000e+04 2.705580000000000000e+05 8.615900000000000000e+04 6.884950000000000000e+05 2.788220000000000000e+05 2.788240000000000000e+05 2.788250000000000000e+05 6.310040000000000000e+05 2.788270000000000000e+05 2.788560000000000000e+05 2.866190000000000000e+05 2.788590000000000000e+05 6.885260000000000000e+05 6.887310000000000000e+05 6.888490000000000000e+05 6.889190000000000000e+05 6.892420000000000000e+05 6.893330000000000000e+05 6.893520000000000000e+05
2.606940000000000000e+05 7.904600000000000000e+04 7.904700000000000000e+04 6.587100000000000000e+04 2.686820000000000000e+05 2.637190000000000000e+05 6.259080000000000000e+05 2.225470000000000000e+05 2.225490000000000000e+05 2.225500000000000000e+05 5.671920000000000000e+05 7.129900000000000000e+04 2.637590000000000000e+05 5.671930000000000000e+05 2.637610000000000000e+05 6.259390000000000000e+05 6.261250000000000000e+05 6.262390000000000000e+05 2.529530000000000000e+05 6.265840000000000000e+05 6.266650000000000000e+05 6.266840000000000000e+05
2.886510000000000000e+05 2.972740000000000000e+05 5.926700000000000000e+04 5.926800000000000000e+04 2.972770000000000000e+05 2.940220000000000000e+05 6.693390000000000000e+05 2.571470000000000000e+05 2.571490000000000000e+05 2.571500000000000000e+05 5.963840000000000000e+05 2.571520000000000000e+05 2.940600000000000000e+05 2.571680000000000000e+05 2.940620000000000000e+05 6.693700000000000000e+05 6.695750000000000000e+05 6.696930000000000000e+05 6.697630000000000000e+05 6.700860000000000000e+05 6.701770000000000000e+05 6.701960000000000000e+05
3.407980000000000000e+05 7.803200000000000000e+04 7.803300000000000000e+04 2.702300000000000000e+05 2.702310000000000000e+05 3.435570000000000000e+05 7.426290000000000000e+05 2.609430000000000000e+05 2.839570000000000000e+05 2.609450000000000000e+05 6.849400000000000000e+05 2.609470000000000000e+05 3.435850000000000000e+05 2.609630000000000000e+05 3.435870000000000000e+05 7.426600000000000000e+05 7.428650000000000000e+05 7.429830000000000000e+05 7.430530000000000000e+05 7.433750000000000000e+05 7.434670000000000000e+05 7.434860000000000000e+05
2.751000000000000000e+05 7.126700000000000000e+04 7.126800000000000000e+04 2.818130000000000000e+05 2.818140000000000000e+05 2.818150000000000000e+05 6.188340000000000000e+05 2.462780000000000000e+05 2.421210000000000000e+05 2.462800000000000000e+05 5.414700000000000000e+05 7.814500000000000000e+04 2.818630000000000000e+05 5.348820000000000000e+05 2.818650000000000000e+05 6.044250000000000000e+05 6.046260000000000000e+05 6.047260000000000000e+05 6.047960000000000000e+05 6.051170000000000000e+05 6.052080000000000000e+05 6.052270000000000000e+05
3.243100000000000000e+05 1.067790000000000000e+05 8.525200000000000000e+04 8.525400000000000000e+04 2.650690000000000000e+05 1.067810000000000000e+05 7.608620000000000000e+05 2.845190000000000000e+05 2.773700000000000000e+05 2.845210000000000000e+05 6.932560000000000000e+05 2.845230000000000000e+05 2.689700000000000000e+05 6.889040000000000000e+05 6.993850000000000000e+05 7.608980000000000000e+05 7.611030000000000000e+05 7.612210000000000000e+05 7.612910000000000000e+05 7.616110000000000000e+05 7.617170000000000000e+05 7.617360000000000000e+05
3.014650000000000000e+05 6.866400000000000000e+04 6.866500000000000000e+04 6.866700000000000000e+04 3.110770000000000000e+05 2.674140000000000000e+05 5.998900000000000000e+05 2.733880000000000000e+05 2.630120000000000000e+05 2.630130000000000000e+05 5.511250000000000000e+05 2.674330000000000000e+05 2.674610000000000000e+05 5.495940000000000000e+05 6.238050000000000000e+05 5.999230000000000000e+05 6.000960000000000000e+05 6.001980000000000000e+05 6.002590000000000000e+05 6.005200000000000000e+05 6.006090000000000000e+05 6.006280000000000000e+05
1.004580000000000000e+05 8.491000000000000000e+04 8.491100000000000000e+04 8.491300000000000000e+04 2.919540000000000000e+05 2.971930000000000000e+05 7.483330000000000000e+05 2.972090000000000000e+05 3.048730000000000000e+05 2.972120000000000000e+05 6.777360000000000000e+05 2.972140000000000000e+05 2.972470000000000000e+05 2.848930000000000000e+05 2.972500000000000000e+05 7.483620000000000000e+05 7.484970000000000000e+05 7.485860000000000000e+05 7.486290000000000000e+05 7.488390000000000000e+05 7.489160000000000000e+05 7.489350000000000000e+05
1.328990000000000000e+05 1.139250000000000000e+05 1.139260000000000000e+05 1.139280000000000000e+05 1.139290000000000000e+05 2.752330000000000000e+05 7.554150000000000000e+05 2.818890000000000000e+05 2.818900000000000000e+05 2.818920000000000000e+05 6.835450000000000000e+05 2.818940000000000000e+05 2.851530000000000000e+05 6.835510000000000000e+05 7.617430000000000000e+05 7.554420000000000000e+05 7.555510000000000000e+05 7.556350000000000000e+05 3.336800000000000000e+05 7.558390000000000000e+05 7.559020000000000000e+05 7.559160000000000000e+05
9.775000000000000000e+04 2.614870000000000000e+05 2.614890000000000000e+05 2.614920000000000000e+05 2.614940000000000000e+05 2.614950000000000000e+05 7.227840000000000000e+05 2.697880000000000000e+05 2.697900000000000000e+05 2.697910000000000000e+05 6.493190000000000000e+05 2.697930000000000000e+05 2.615590000000000000e+05 6.493240000000000000e+05 7.294050000000000000e+05 7.228130000000000000e+05 7.229550000000000000e+05 7.230560000000000000e+05 2.902100000000000000e+05 7.233340000000000000e+05 7.234170000000000000e+05 7.234360000000000000e+05
7.597600000000000000e+04 2.472090000000000000e+05 2.472110000000000000e+05 2.472140000000000000e+05 2.472160000000000000e+05 2.472170000000000000e+05 6.536180000000000000e+05 2.634910000000000000e+05 2.634930000000000000e+05 2.634940000000000000e+05 5.849440000000000000e+05 2.634960000000000000e+05 2.528920000000000000e+05 2.681100000000000000e+05 6.677200000000000000e+05 6.536520000000000000e+05 6.537020000000000000e+05 6.537720000000000000e+05 2.801610000000000000e+05 6.539100000000000000e+05 2.804100000000000000e+05 6.539540000000000000e+05
1.105010000000000000e+05 9.269900000000000000e+04 9.270000000000000000e+04 9.270100000000000000e+04 2.983140000000000000e+05 2.983150000000000000e+05 7.836150000000000000e+05 3.085370000000000000e+05 3.085390000000000000e+05 3.085400000000000000e+05 7.307210000000000000e+05 3.085420000000000000e+05 2.983690000000000000e+05 2.893320000000000000e+05 2.983720000000000000e+05 7.836360000000000000e+05 7.836910000000000000e+05 7.837390000000000000e+05 3.381770000000000000e+05 7.838280000000000000e+05 3.384860000000000000e+05 3.385050000000000000e+05
1.155410000000000000e+05 2.653950000000000000e+05 9.603000000000000000e+04 9.603100000000000000e+04 2.654000000000000000e+05 2.654010000000000000e+05 7.683490000000000000e+05 2.891600000000000000e+05 2.891620000000000000e+05 2.891630000000000000e+05 7.012500000000000000e+05 2.891650000000000000e+05 2.654550000000000000e+05 2.891820000000000000e+05 2.654580000000000000e+05 7.683670000000000000e+05 3.276600000000000000e+05 3.277320000000000000e+05 3.278000000000000000e+05 7.685150000000000000e+05 3.281520000000000000e+05 3.281710000000000000e+05
1.086680000000000000e+05 2.379120000000000000e+05 2.379140000000000000e+05 2.379170000000000000e+05 2.379190000000000000e+05 2.379210000000000000e+05 7.588370000000000000e+05 2.318370000000000000e+05 2.461090000000000000e+05 2.318390000000000000e+05 7.096940000000000000e+05 1.053460000000000000e+05 7.052760000000000000e+05 2.318480000000000000e+05 7.052780000000000000e+05 7.588680000000000000e+05 7.590420000000000000e+05 7.591460000000000000e+05 7.592060000000000000e+05 7.594540000000000000e+05 7.595410000000000000e+05 7.595600000000000000e+05
1.192100000000000000e+05 2.532210000000000000e+05 2.532230000000000000e+05 2.532260000000000000e+05 2.532280000000000000e+05 2.532300000000000000e+05 7.933100000000000000e+05 2.471460000000000000e+05 2.614210000000000000e+05 2.471480000000000000e+05 7.441380000000000000e+05 1.156060000000000000e+05 7.397200000000000000e+05 2.471570000000000000e+05 7.397220000000000000e+05 7.933410000000000000e+05 7.935150000000000000e+05 7.936190000000000000e+05 7.936790000000000000e+05 7.939270000000000000e+05 7.940140000000000000e+05 7.940330000000000000e+05
1.119580000000000000e+05 9.278800000000000000e+04 9.278900000000000000e+04 2.551730000000000000e+05 2.551750000000000000e+05 2.551760000000000000e+05 7.981280000000000000e+05 2.467940000000000000e+05 2.669330000000000000e+05 2.467960000000000000e+05 7.700120000000000000e+05 2.589700000000000000e+05 7.551370000000000000e+05 2.468030000000000000e+05 7.551390000000000000e+05 7.981580000000000000e+05 7.982960000000000000e+05 7.983860000000000000e+05 7.984380000000000000e+05 7.986320000000000000e+05 7.987130000000000000e+05 7.987320000000000000e+05
1.232080000000000000e+05 3.092160000000000000e+05 3.129630000000000000e+05 3.092170000000000000e+05 1.060100000000000000e+05 1.106380000000000000e+05 7.915880000000000000e+05 3.206450000000000000e+05 3.206470000000000000e+05 3.206480000000000000e+05 7.289890000000000000e+05 3.206500000000000000e+05 3.129920000000000000e+05 2.953820000000000000e+05 3.129950000000000000e+05 7.916220000000000000e+05 7.917610000000000000e+05 7.918490000000000000e+05 3.556190000000000000e+05 7.921110000000000000e+05 3.557370000000000000e+05 7.921910000000000000e+05
1.190460000000000000e+05 1.143780000000000000e+05 1.143790000000000000e+05 3.012720000000000000e+05 1.065670000000000000e+05 3.675680000000000000e+05 7.515980000000000000e+05 3.102520000000000000e+05 3.130890000000000000e+05 3.102550000000000000e+05 7.132390000000000000e+05 3.102570000000000000e+05 7.597650000000000000e+05 2.823700000000000000e+05 2.952900000000000000e+05 7.516200000000000000e+05 7.517150000000000000e+05 7.517890000000000000e+05 3.434840000000000000e+05 7.519390000000000000e+05 7.519890000000000000e+05 7.520010000000000000e+05
8.524500000000000000e+04 3.210790000000000000e+05 2.441670000000000000e+05 3.210810000000000000e+05 3.210820000000000000e+05 8.212300000000000000e+04 7.266530000000000000e+05 2.560230000000000000e+05 2.560250000000000000e+05 2.560260000000000000e+05 6.802430000000000000e+05 2.560280000000000000e+05 3.143860000000000000e+05 2.560460000000000000e+05 2.441740000000000000e+05 7.266820000000000000e+05 7.268750000000000000e+05 7.269900000000000000e+05 7.270600000000000000e+05 7.273550000000000000e+05 7.274440000000000000e+05 7.274630000000000000e+05
1.016680000000000000e+05 8.507500000000000000e+04 8.507600000000000000e+04 8.330200000000000000e+04 3.004840000000000000e+05 3.649360000000000000e+05 7.208100000000000000e+05 3.078050000000000000e+05 3.078070000000000000e+05 3.078080000000000000e+05 6.560390000000000000e+05 3.078100000000000000e+05 3.179540000000000000e+05 3.078290000000000000e+05 7.419400000000000000e+05 6.599340000000000000e+05 6.600870000000000000e+05 3.440000000000000000e+05 6.602190000000000000e+05 7.209410000000000000e+05 6.605720000000000000e+05 6.606010000000000000e+05
1.039310000000000000e+05 9.761600000000000000e+04 9.761700000000000000e+04 9.761800000000000000e+04 2.934670000000000000e+05 2.934690000000000000e+05 7.731300000000000000e+05 3.114600000000000000e+05 3.114620000000000000e+05 3.183790000000000000e+05 7.214220000000000000e+05 3.114640000000000000e+05 2.935230000000000000e+05 2.859050000000000000e+05 7.214330000000000000e+05 3.430910000000000000e+05 3.432710000000000000e+05 3.433670000000000000e+05 3.434370000000000000e+05 3.437530000000000000e+05 3.438390000000000000e+05 3.438580000000000000e+05
1.309920000000000000e+05 3.322790000000000000e+05 3.322800000000000000e+05 1.029790000000000000e+05 1.029800000000000000e+05 3.322840000000000000e+05 7.684040000000000000e+05 3.575630000000000000e+05 3.503150000000000000e+05 3.503160000000000000e+05 7.405540000000000000e+05 3.503180000000000000e+05 7.888250000000000000e+05 3.575660000000000000e+05 7.888270000000000000e+05 7.684160000000000000e+05 3.783020000000000000e+05 3.783240000000000000e+05 3.752290000000000000e+05 3.783730000000000000e+05 3.755180000000000000e+05 7.407710000000000000e+05
1.177340000000000000e+05 9.932900000000000000e+04 9.933000000000000000e+04 3.139760000000000000e+05 9.933100000000000000e+04 3.139790000000000000e+05 8.015770000000000000e+05 3.398940000000000000e+05 3.276940000000000000e+05 3.398960000000000000e+05 7.535090000000000000e+05 3.398980000000000000e+05 7.345090000000000000e+05 2.944870000000000000e+05 7.345110000000000000e+05 8.015950000000000000e+05 8.016530000000000000e+05 7.952800000000000000e+05 7.953250000000000000e+05 8.017760000000000000e+05 7.954820000000000000e+05 8.018050000000000000e+05
1.222360000000000000e+05 1.096860000000000000e+05 1.161200000000000000e+05 1.091620000000000000e+05 1.091630000000000000e+05 2.910380000000000000e+05 7.919590000000000000e+05 3.089920000000000000e+05 3.031170000000000000e+05 3.150750000000000000e+05 7.162410000000000000e+05 1.219870000000000000e+05 2.910710000000000000e+05 3.281940000000000000e+05 7.955400000000000000e+05 7.919890000000000000e+05 7.921000000000000000e+05 7.921770000000000000e+05 3.441840000000000000e+05 7.923470000000000000e+05 7.924240000000000000e+05 7.924430000000000000e+05
9.938100000000000000e+04 9.747700000000000000e+04 9.444100000000000000e+04 2.860360000000000000e+05 2.860370000000000000e+05 2.891700000000000000e+05 3.415070000000000000e+05 3.063300000000000000e+05 3.063320000000000000e+05 3.063330000000000000e+05 7.577780000000000000e+05 3.063350000000000000e+05 2.891730000000000000e+05 2.791810000000000000e+05 2.891760000000000000e+05 3.415220000000000000e+05 3.415540000000000000e+05 3.415780000000000000e+05 3.459950000000000000e+05 3.416630000000000000e+05 3.463040000000000000e+05 3.463230000000000000e+05
1.166920000000000000e+05 1.053550000000000000e+05 9.957500000000000000e+04 1.017600000000000000e+05 1.017610000000000000e+05 3.083790000000000000e+05 3.564710000000000000e+05 3.016710000000000000e+05 3.016730000000000000e+05 3.016740000000000000e+05 7.707620000000000000e+05 3.016770000000000000e+05 7.755720000000000000e+05 3.017000000000000000e+05 3.083900000000000000e+05 3.564880000000000000e+05 3.565330000000000000e+05 3.565590000000000000e+05 8.058110000000000000e+05 3.566640000000000000e+05 8.060960000000000000e+05 8.061150000000000000e+05
1.220190000000000000e+05 1.099770000000000000e+05 1.203250000000000000e+05 2.909580000000000000e+05 2.909600000000000000e+05 2.909620000000000000e+05 8.031340000000000000e+05 2.961540000000000000e+05 2.961560000000000000e+05 2.961570000000000000e+05 7.662810000000000000e+05 2.961590000000000000e+05 7.994920000000000000e+05 2.961860000000000000e+05 8.101110000000000000e+05 3.444180000000000000e+05 3.445990000000000000e+05 3.446930000000000000e+05 3.447630000000000000e+05 3.450790000000000000e+05 3.451670000000000000e+05 3.451860000000000000e+05
1.245890000000000000e+05 2.928840000000000000e+05 1.202290000000000000e+05 2.928850000000000000e+05 2.928870000000000000e+05 2.973150000000000000e+05 8.051650000000000000e+05 3.050510000000000000e+05 3.050530000000000000e+05 3.050540000000000000e+05 7.719870000000000000e+05 3.050570000000000000e+05 3.003980000000000000e+05 3.050810000000000000e+05 8.127090000000000000e+05 8.051940000000000000e+05 8.053860000000000000e+05 8.055010000000000000e+05 8.055700000000000000e+05 8.058470000000000000e+05 8.059270000000000000e+05 8.059460000000000000e+05
1.022590000000000000e+05 9.427700000000000000e+04 9.834500000000000000e+04 9.834600000000000000e+04 9.834700000000000000e+04 3.040900000000000000e+05 8.037210000000000000e+05 3.595340000000000000e+05 3.595360000000000000e+05 3.595370000000000000e+05 7.208280000000000000e+05 3.595390000000000000e+05 3.041130000000000000e+05 3.595590000000000000e+05 3.041160000000000000e+05 3.929520000000000000e+05 3.931390000000000000e+05 3.932570000000000000e+05 3.933270000000000000e+05 3.936440000000000000e+05 3.937320000000000000e+05 3.937510000000000000e+05
2.865280000000000000e+05 2.702500000000000000e+05 6.514400000000000000e+04 2.702550000000000000e+05 2.702560000000000000e+05 2.702570000000000000e+05 6.702420000000000000e+05 3.120670000000000000e+05 2.986680000000000000e+05 3.120690000000000000e+05 6.483670000000000000e+05 2.986690000000000000e+05 6.702480000000000000e+05 3.120850000000000000e+05 6.702500000000000000e+05 6.702860000000000000e+05 6.703620000000000000e+05 3.394980000000000000e+05 6.704240000000000000e+05 6.704990000000000000e+05 3.398800000000000000e+05 6.705400000000000000e+05
3.389540000000000000e+05 3.312200000000000000e+05 3.312220000000000000e+05 3.312260000000000000e+05 3.312280000000000000e+05 3.312300000000000000e+05 7.933880000000000000e+05 3.361110000000000000e+05 3.361130000000000000e+05 3.361140000000000000e+05 7.085970000000000000e+05 3.361170000000000000e+05 8.034080000000000000e+05 1.176400000000000000e+05 8.034100000000000000e+05 7.934120000000000000e+05 7.935930000000000000e+05 7.936960000000000000e+05 7.937600000000000000e+05 7.939870000000000000e+05 7.940570000000000000e+05 7.940760000000000000e+05
3.072430000000000000e+05 3.023410000000000000e+05 1.016070000000000000e+05 3.023450000000000000e+05 3.023460000000000000e+05 3.023470000000000000e+05 7.988060000000000000e+05 3.413560000000000000e+05 3.413580000000000000e+05 3.413590000000000000e+05 7.619140000000000000e+05 3.413620000000000000e+05 7.533460000000000000e+05 3.413840000000000000e+05 7.533480000000000000e+05 7.988320000000000000e+05 7.989290000000000000e+05 3.690990000000000000e+05 7.990140000000000000e+05 7.991150000000000000e+05 3.694430000000000000e+05 3.694620000000000000e+05
2.443540000000000000e+05 6.849100000000000000e+04 6.660100000000000000e+04 2.336670000000000000e+05 2.336690000000000000e+05 2.336700000000000000e+05 6.640530000000000000e+05 2.390550000000000000e+05 2.390570000000000000e+05 2.669860000000000000e+05 6.144630000000000000e+05 2.669880000000000000e+05 6.625870000000000000e+05 2.669930000000000000e+05 6.625880000000000000e+05 2.855880000000000000e+05 2.857770000000000000e+05 2.858950000000000000e+05 2.859650000000000000e+05 2.862830000000000000e+05 2.863710000000000000e+05 2.863900000000000000e+05
5.534300000000000000e+04 5.246300000000000000e+04 5.246400000000000000e+04 1.594300000000000000e+05 1.594310000000000000e+05 5.280700000000000000e+04 4.056130000000000000e+05 1.363870000000000000e+05 1.837050000000000000e+05 1.654070000000000000e+05 4.025640000000000000e+05 1.654090000000000000e+05 4.102850000000000000e+05 5.723700000000000000e+04 4.102870000000000000e+05 4.056620000000000000e+05 4.057390000000000000e+05 4.057960000000000000e+05 1.923530000000000000e+05 4.058970000000000000e+05 4.059330000000000000e+05 4.059420000000000000e+05
5.486800000000000000e+04 5.221000000000000000e+04 5.221200000000000000e+04 1.646360000000000000e+05 4.492500000000000000e+04 4.565200000000000000e+04 3.867510000000000000e+05 1.870870000000000000e+05 1.428920000000000000e+05 1.691280000000000000e+05 3.576170000000000000e+05 1.691300000000000000e+05 3.735320000000000000e+05 1.691510000000000000e+05 3.735340000000000000e+05 3.867860000000000000e+05 3.869770000000000000e+05 1.922470000000000000e+05 3.871610000000000000e+05 3.874450000000000000e+05 3.875220000000000000e+05 3.875410000000000000e+05
3.645700000000000000e+04 1.464540000000000000e+05 1.464560000000000000e+05 3.405200000000000000e+04 1.464590000000000000e+05 1.464610000000000000e+05 3.987920000000000000e+05 1.521020000000000000e+05 1.725610000000000000e+05 1.716500000000000000e+05 1.521030000000000000e+05 1.617520000000000000e+05 3.896570000000000000e+05 2.963600000000000000e+04 3.896590000000000000e+05 3.988140000000000000e+05 3.988760000000000000e+05 1.807780000000000000e+05 1.801970000000000000e+05 1.808320000000000000e+05 1.804500000000000000e+05 1.804690000000000000e+05
2.742600000000000000e+04 1.172700000000000000e+05 2.621700000000000000e+04 1.172740000000000000e+05 1.172750000000000000e+05 1.125690000000000000e+05 3.493710000000000000e+05 1.048830000000000000e+05 1.048850000000000000e+05 1.048860000000000000e+05 3.148280000000000000e+05 1.334880000000000000e+05 1.259460000000000000e+05 1.218940000000000000e+05 1.259490000000000000e+05 3.494000000000000000e+05 3.495940000000000000e+05 1.364260000000000000e+05 3.497790000000000000e+05 3.500670000000000000e+05 3.501500000000000000e+05 3.501690000000000000e+05
2.316100000000000000e+04 1.161530000000000000e+05 1.161550000000000000e+05 1.161570000000000000e+05 1.161580000000000000e+05 1.161600000000000000e+05 3.352900000000000000e+05 1.020960000000000000e+05 1.276220000000000000e+05 1.382090000000000000e+05 1.276230000000000000e+05 1.241450000000000000e+05 1.209050000000000000e+05 1.241720000000000000e+05 1.209070000000000000e+05 3.048130000000000000e+05 3.050140000000000000e+05 1.454200000000000000e+05 3.051960000000000000e+05 3.054950000000000000e+05 3.055800000000000000e+05 3.055990000000000000e+05
2.045300000000000000e+04 1.063620000000000000e+05 1.792900000000000000e+04 1.063650000000000000e+05 1.063670000000000000e+05 1.063690000000000000e+05 3.085960000000000000e+05 9.349400000000000000e+04 9.349600000000000000e+04 1.176570000000000000e+05 2.827680000000000000e+05 1.176590000000000000e+05 2.740760000000000000e+05 1.176610000000000000e+05 2.740770000000000000e+05 3.086090000000000000e+05 1.226300000000000000e+05 1.277790000000000000e+05 1.227640000000000000e+05 3.087320000000000000e+05 1.230840000000000000e+05 1.231030000000000000e+05
2.197400000000000000e+04 9.877200000000000000e+04 1.887300000000000000e+04 9.877600000000000000e+04 9.877700000000000000e+04 9.877800000000000000e+04 2.916030000000000000e+05 9.103100000000000000e+04 9.103300000000000000e+04 1.154860000000000000e+05 2.662520000000000000e+05 1.154880000000000000e+05 1.096990000000000000e+05 1.142870000000000000e+05 3.000250000000000000e+05 2.916150000000000000e+05 1.160870000000000000e+05 2.917020000000000000e+05 1.162210000000000000e+05 2.917530000000000000e+05 1.165520000000000000e+05 1.165710000000000000e+05
2.106300000000000000e+04 1.929400000000000000e+04 1.976800000000000000e+04 8.972600000000000000e+04 8.972700000000000000e+04 8.972800000000000000e+04 2.741560000000000000e+05 8.064600000000000000e+04 8.064800000000000000e+04 8.064900000000000000e+04 2.529460000000000000e+05 8.065100000000000000e+04 9.635700000000000000e+04 1.006130000000000000e+05 2.833410000000000000e+05 2.741690000000000000e+05 1.043530000000000000e+05 2.742640000000000000e+05 1.044840000000000000e+05 2.743250000000000000e+05 1.047930000000000000e+05 1.048120000000000000e+05
1.851000000000000000e+04 1.434900000000000000e+04 1.525800000000000000e+04 7.916000000000000000e+04 1.435000000000000000e+04 7.916100000000000000e+04 2.469030000000000000e+05 6.918000000000000000e+04 8.767900000000000000e+04 9.151000000000000000e+04 2.045400000000000000e+05 8.768000000000000000e+04 8.187800000000000000e+04 8.824500000000000000e+04 7.918600000000000000e+04 2.218710000000000000e+05 1.000620000000000000e+05 1.000880000000000000e+05 9.508800000000000000e+04 2.219400000000000000e+05 9.540100000000000000e+04 9.542000000000000000e+04
1.171630000000000000e+05 3.220140000000000000e+05 1.110480000000000000e+05 3.279110000000000000e+05 3.220170000000000000e+05 3.279120000000000000e+05 8.245140000000000000e+05 3.680850000000000000e+05 3.680870000000000000e+05 3.680880000000000000e+05 3.680900000000000000e+05 3.680920000000000000e+05 3.309320000000000000e+05 3.613450000000000000e+05 3.279320000000000000e+05 3.832930000000000000e+05 3.834060000000000000e+05 3.834740000000000000e+05 7.945790000000000000e+05 3.836840000000000000e+05 3.837480000000000000e+05 3.837640000000000000e+05
1.253620000000000000e+05 2.865820000000000000e+05 1.223020000000000000e+05 2.865840000000000000e+05 2.805940000000000000e+05 1.223030000000000000e+05 8.181140000000000000e+05 3.512510000000000000e+05 3.512530000000000000e+05 3.512540000000000000e+05 8.001060000000000000e+05 3.415820000000000000e+05 3.008770000000000000e+05 3.416010000000000000e+05 7.869200000000000000e+05 3.583980000000000000e+05 3.585660000000000000e+05 3.789120000000000000e+05 3.587250000000000000e+05 3.789430000000000000e+05 3.590780000000000000e+05 3.590970000000000000e+05
3.105750000000000000e+05 2.907850000000000000e+05 9.759700000000000000e+04 1.002410000000000000e+05 9.759800000000000000e+04 3.032840000000000000e+05 7.526970000000000000e+05 2.840790000000000000e+05 2.840810000000000000e+05 3.357830000000000000e+05 7.357550000000000000e+05 3.345570000000000000e+05 7.286820000000000000e+05 3.345580000000000000e+05 7.286840000000000000e+05 3.507400000000000000e+05 3.508320000000000000e+05 7.385100000000000000e+05 3.509210000000000000e+05 7.385780000000000000e+05 3.510700000000000000e+05 3.510890000000000000e+05
1.396060000000000000e+05 3.265850000000000000e+05 1.288290000000000000e+05 1.260750000000000000e+05 3.265870000000000000e+05 1.260760000000000000e+05 8.123450000000000000e+05 3.581970000000000000e+05 3.581990000000000000e+05 3.582000000000000000e+05 8.093330000000000000e+05 3.582020000000000000e+05 3.323440000000000000e+05 3.545170000000000000e+05 3.323460000000000000e+05 3.760320000000000000e+05 3.760840000000000000e+05 3.761110000000000000e+05 3.692050000000000000e+05 8.124730000000000000e+05 3.694800000000000000e+05 3.694990000000000000e+05
3.607610000000000000e+05 3.548550000000000000e+05 1.000630000000000000e+05 1.014150000000000000e+05 1.014160000000000000e+05 1.092290000000000000e+05 8.347970000000000000e+05 4.053210000000000000e+05 4.053230000000000000e+05 4.053240000000000000e+05 7.955650000000000000e+05 4.053260000000000000e+05 3.548700000000000000e+05 4.000950000000000000e+05 3.548730000000000000e+05 4.271220000000000000e+05 4.257770000000000000e+05 4.257890000000000000e+05 4.236100000000000000e+05 4.272310000000000000e+05 4.238430000000000000e+05 4.272460000000000000e+05
3.410340000000000000e+05 1.327530000000000000e+05 1.179190000000000000e+05 3.599530000000000000e+05 1.316290000000000000e+05 3.599540000000000000e+05 8.297290000000000000e+05 3.427090000000000000e+05 3.427110000000000000e+05 3.855500000000000000e+05 7.896070000000000000e+05 3.855520000000000000e+05 3.769540000000000000e+05 3.815530000000000000e+05 3.769570000000000000e+05 3.973130000000000000e+05 3.966160000000000000e+05 3.974150000000000000e+05 7.955020000000000000e+05 3.974860000000000000e+05 3.967420000000000000e+05 3.967610000000000000e+05
3.655450000000000000e+05 3.316050000000000000e+05 1.175900000000000000e+05 3.475060000000000000e+05 3.316070000000000000e+05 3.475070000000000000e+05 8.126060000000000000e+05 3.251110000000000000e+05 3.655510000000000000e+05 3.682480000000000000e+05 7.769390000000000000e+05 3.682500000000000000e+05 3.503130000000000000e+05 3.655640000000000000e+05 3.503160000000000000e+05 3.881120000000000000e+05 3.886270000000000000e+05 3.886550000000000000e+05 3.872020000000000000e+05 7.809000000000000000e+05 3.874160000000000000e+05 3.888110000000000000e+05
2.932440000000000000e+05 2.932460000000000000e+05 1.052880000000000000e+05 2.988460000000000000e+05 2.988470000000000000e+05 3.151660000000000000e+05 8.378220000000000000e+05 3.425570000000000000e+05 3.425590000000000000e+05 3.425600000000000000e+05 8.092870000000000000e+05 3.425630000000000000e+05 3.179540000000000000e+05 3.370390000000000000e+05 8.034190000000000000e+05 3.626780000000000000e+05 3.627850000000000000e+05 3.628450000000000000e+05 8.127710000000000000e+05 3.630270000000000000e+05 3.630840000000000000e+05 3.630970000000000000e+05
2.388310000000000000e+05 2.235140000000000000e+05 5.864200000000000000e+04 2.235170000000000000e+05 2.235180000000000000e+05 2.235200000000000000e+05 6.138910000000000000e+05 2.176020000000000000e+05 2.663440000000000000e+05 2.663450000000000000e+05 5.748440000000000000e+05 2.663470000000000000e+05 6.242840000000000000e+05 2.663540000000000000e+05 6.242850000000000000e+05 2.784010000000000000e+05 2.785910000000000000e+05 2.786850000000000000e+05 2.787540000000000000e+05 2.790620000000000000e+05 2.791530000000000000e+05 2.791720000000000000e+05
9.799200000000000000e+04 3.153330000000000000e+05 3.153350000000000000e+05 3.153370000000000000e+05 3.153380000000000000e+05 1.025530000000000000e+05 8.215240000000000000e+05 3.595180000000000000e+05 2.983570000000000000e+05 3.595200000000000000e+05 2.983580000000000000e+05 3.507500000000000000e+05 7.704420000000000000e+05 3.471740000000000000e+05 3.239480000000000000e+05 3.685470000000000000e+05 3.687480000000000000e+05 3.688660000000000000e+05 3.689360000000000000e+05 3.692440000000000000e+05 3.693360000000000000e+05 3.693550000000000000e+05
8.548600000000000000e+04 2.417460000000000000e+05 9.012100000000000000e+04 2.602880000000000000e+05 2.602890000000000000e+05 9.214000000000000000e+04 6.870310000000000000e+05 2.974590000000000000e+05 2.925120000000000000e+05 2.974610000000000000e+05 6.988920000000000000e+05 2.974630000000000000e+05 6.833390000000000000e+05 2.925240000000000000e+05 6.833400000000000000e+05 3.079600000000000000e+05 3.081610000000000000e+05 3.082790000000000000e+05 3.083490000000000000e+05 3.086540000000000000e+05 3.087470000000000000e+05 3.087660000000000000e+05
8.014600000000000000e+04 8.059800000000000000e+04 2.074470000000000000e+05 8.916600000000000000e+04 9.270700000000000000e+04 8.916700000000000000e+04 6.223920000000000000e+05 1.998530000000000000e+05 2.038610000000000000e+05 1.998540000000000000e+05 2.038630000000000000e+05 2.653420000000000000e+05 2.422020000000000000e+05 2.074580000000000000e+05 6.791970000000000000e+05 2.737950000000000000e+05 2.739640000000000000e+05 2.773050000000000000e+05 2.741230000000000000e+05 2.773450000000000000e+05 2.744710000000000000e+05 2.744900000000000000e+05
1.264430000000000000e+05 1.403590000000000000e+05 1.419580000000000000e+05 1.490170000000000000e+05 3.401210000000000000e+05 1.490180000000000000e+05 8.247170000000000000e+05 3.746620000000000000e+05 3.746630000000000000e+05 3.644390000000000000e+05 3.746640000000000000e+05 3.644410000000000000e+05 8.042100000000000000e+05 3.644440000000000000e+05 8.042110000000000000e+05 3.887160000000000000e+05 3.887930000000000000e+05 3.888440000000000000e+05 3.851440000000000000e+05 3.889220000000000000e+05 3.854370000000000000e+05 3.854560000000000000e+05
7.964400000000000000e+04 3.014600000000000000e+05 3.014620000000000000e+05 3.014650000000000000e+05 3.014660000000000000e+05 3.014670000000000000e+05 7.377700000000000000e+05 3.158560000000000000e+05 3.099710000000000000e+05 3.158580000000000000e+05 3.099720000000000000e+05 3.099740000000000000e+05 2.783190000000000000e+05 3.015040000000000000e+05 2.783210000000000000e+05 3.195460000000000000e+05 3.197510000000000000e+05 3.198690000000000000e+05 3.199390000000000000e+05 3.202620000000000000e+05 3.203560000000000000e+05 3.203750000000000000e+05
1.059840000000000000e+05 1.119920000000000000e+05 1.142510000000000000e+05 3.431750000000000000e+05 1.333660000000000000e+05 3.532700000000000000e+05 8.284400000000000000e+05 3.959060000000000000e+05 3.942450000000000000e+05 3.959080000000000000e+05 3.959100000000000000e+05 3.959110000000000000e+05 3.532880000000000000e+05 3.716700000000000000e+05 8.152370000000000000e+05 3.989960000000000000e+05 3.991830000000000000e+05 3.992960000000000000e+05 3.993580000000000000e+05 3.996070000000000000e+05 3.996770000000000000e+05 3.996960000000000000e+05
6.814500000000000000e+04 7.207100000000000000e+04 7.207200000000000000e+04 8.475500000000000000e+04 9.136900000000000000e+04 8.475600000000000000e+04 6.868400000000000000e+05 3.182780000000000000e+05 2.694370000000000000e+05 3.172140000000000000e+05 2.694380000000000000e+05 3.147750000000000000e+05 2.819660000000000000e+05 6.941700000000000000e+05 6.847520000000000000e+05 3.193870000000000000e+05 3.195920000000000000e+05 3.197100000000000000e+05 3.197800000000000000e+05 3.201030000000000000e+05 3.202010000000000000e+05 3.202200000000000000e+05
1.059040000000000000e+05 1.143510000000000000e+05 1.143530000000000000e+05 1.233300000000000000e+05 1.143550000000000000e+05 1.233310000000000000e+05 8.517410000000000000e+05 3.601040000000000000e+05 3.601060000000000000e+05 3.601070000000000000e+05 3.649290000000000000e+05 3.601090000000000000e+05 3.294020000000000000e+05 3.524100000000000000e+05 8.079050000000000000e+05 3.724160000000000000e+05 3.725120000000000000e+05 3.725640000000000000e+05 3.701920000000000000e+05 3.727000000000000000e+05 3.703180000000000000e+05 3.727450000000000000e+05
1.022360000000000000e+05 1.135850000000000000e+05 1.135870000000000000e+05 1.258340000000000000e+05 3.196800000000000000e+05 3.196810000000000000e+05 8.251890000000000000e+05 3.651320000000000000e+05 3.651340000000000000e+05 3.651350000000000000e+05 3.651370000000000000e+05 3.651390000000000000e+05 8.251900000000000000e+05 3.500820000000000000e+05 7.541010000000000000e+05 3.692370000000000000e+05 3.693680000000000000e+05 3.694390000000000000e+05 3.694920000000000000e+05 3.696360000000000000e+05 3.696920000000000000e+05 3.697110000000000000e+05
1.835290000000000000e+05 2.211780000000000000e+05 6.190710000000000000e+05 6.378060000000000000e+05 6.378070000000000000e+05 6.378080000000000000e+05 5.995630000000000000e+05 7.169770000000000000e+05 7.169790000000000000e+05 7.102070000000000000e+05 7.169800000000000000e+05 7.102090000000000000e+05 6.634590000000000000e+05 5.842680000000000000e+05 7.023060000000000000e+05 7.257270000000000000e+05 7.258180000000000000e+05 7.258700000000000000e+05 7.218810000000000000e+05 7.259780000000000000e+05 7.221580000000000000e+05 7.260120000000000000e+05
2.979470000000000000e+05 2.920870000000000000e+05 2.920890000000000000e+05 7.641280000000000000e+05 3.223050000000000000e+05 7.641290000000000000e+05 7.431840000000000000e+05 8.367620000000000000e+05 8.367640000000000000e+05 8.367650000000000000e+05 8.367670000000000000e+05 8.367680000000000000e+05 7.754830000000000000e+05 8.086730000000000000e+05 7.754860000000000000e+05 8.456340000000000000e+05 8.457940000000000000e+05 8.559830000000000000e+05 8.459280000000000000e+05 8.560290000000000000e+05 8.462750000000000000e+05 8.462940000000000000e+05
2.120850000000000000e+05 5.628350000000000000e+05 5.628360000000000000e+05 5.784440000000000000e+05 2.089600000000000000e+05 5.784450000000000000e+05 5.423940000000000000e+05 6.424530000000000000e+05 6.424550000000000000e+05 6.424560000000000000e+05 6.424580000000000000e+05 6.424600000000000000e+05 5.100740000000000000e+05 6.214660000000000000e+05 5.100760000000000000e+05 6.514250000000000000e+05 6.515080000000000000e+05 6.515600000000000000e+05 6.347740000000000000e+05 6.516490000000000000e+05 6.350680000000000000e+05 6.350870000000000000e+05
7.780910000000000000e+05 8.154820000000000000e+05 8.154830000000000000e+05 7.721020000000000000e+05 7.833450000000000000e+05 2.755330000000000000e+05 7.320010000000000000e+05 8.472140000000000000e+05 8.472160000000000000e+05 8.472170000000000000e+05 8.472190000000000000e+05 8.472210000000000000e+05 7.163180000000000000e+05 8.241320000000000000e+05 7.163190000000000000e+05 8.602530000000000000e+05 8.603530000000000000e+05 8.604060000000000000e+05 8.399650000000000000e+05 8.605430000000000000e+05 8.605870000000000000e+05 8.605960000000000000e+05
6.843340000000000000e+05 3.286630000000000000e+05 3.286640000000000000e+05 2.999980000000000000e+05 3.237680000000000000e+05 2.999990000000000000e+05 7.178620000000000000e+05 8.189970000000000000e+05 8.189990000000000000e+05 8.190000000000000000e+05 8.190020000000000000e+05 8.111280000000000000e+05 6.806080000000000000e+05 7.967490000000000000e+05 6.806090000000000000e+05 8.365520000000000000e+05 8.367570000000000000e+05 8.368750000000000000e+05 8.369450000000000000e+05 8.372680000000000000e+05 8.373630000000000000e+05 8.373820000000000000e+05
7.914620000000000000e+05 3.531430000000000000e+05 3.531440000000000000e+05 8.059480000000000000e+05 3.411460000000000000e+05 8.059490000000000000e+05 7.335790000000000000e+05 8.525810000000000000e+05 8.525830000000000000e+05 8.525840000000000000e+05 8.525860000000000000e+05 8.525880000000000000e+05 7.335800000000000000e+05 8.381690000000000000e+05 7.335810000000000000e+05 8.591460000000000000e+05 8.448460000000000000e+05 8.592530000000000000e+05 8.482480000000000000e+05 8.593000000000000000e+05 8.452530000000000000e+05 8.452720000000000000e+05
4.746540000000000000e+05 4.746560000000000000e+05 4.746570000000000000e+05 2.546030000000000000e+05 4.784070000000000000e+05 4.833420000000000000e+05 4.605170000000000000e+05 5.264530000000000000e+05 2.924110000000000000e+05 5.264550000000000000e+05 5.264570000000000000e+05 5.264590000000000000e+05 5.003320000000000000e+05 5.182140000000000000e+05 4.394010000000000000e+05 5.318440000000000000e+05 5.320490000000000000e+05 5.321670000000000000e+05 5.322370000000000000e+05 5.325600000000000000e+05 5.326580000000000000e+05 5.326770000000000000e+05
4.208190000000000000e+05 1.700700000000000000e+05 1.700710000000000000e+05 4.208230000000000000e+05 1.612740000000000000e+05 4.208250000000000000e+05 3.805920000000000000e+05 4.442990000000000000e+05 4.443010000000000000e+05 4.443020000000000000e+05 4.443040000000000000e+05 4.443060000000000000e+05 3.616660000000000000e+05 4.208770000000000000e+05 3.616670000000000000e+05 4.447960000000000000e+05 4.449640000000000000e+05 4.450770000000000000e+05 4.426210000000000000e+05 4.453900000000000000e+05 4.454710000000000000e+05 4.454900000000000000e+05
1.516070000000000000e+05 3.925300000000000000e+05 3.925320000000000000e+05 3.925360000000000000e+05 3.925380000000000000e+05 3.925400000000000000e+05 3.854550000000000000e+05 3.543350000000000000e+05 4.283880000000000000e+05 3.543370000000000000e+05 3.543390000000000000e+05 3.543400000000000000e+05 4.143810000000000000e+05 4.235030000000000000e+05 4.143830000000000000e+05 4.304590000000000000e+05 4.306240000000000000e+05 4.307280000000000000e+05 4.295650000000000000e+05 4.310270000000000000e+05 4.311070000000000000e+05 4.311260000000000000e+05
1.722810000000000000e+05 3.879610000000000000e+05 4.183570000000000000e+05 3.960700000000000000e+05 3.879620000000000000e+05 3.960720000000000000e+05 3.761230000000000000e+05 4.276620000000000000e+05 4.276640000000000000e+05 4.276650000000000000e+05 4.276670000000000000e+05 4.276690000000000000e+05 4.041240000000000000e+05 4.183870000000000000e+05 4.041260000000000000e+05 4.238230000000000000e+05 4.240240000000000000e+05 4.241420000000000000e+05 4.242120000000000000e+05 4.245170000000000000e+05 4.246110000000000000e+05 4.246300000000000000e+05
1.494710000000000000e+05 3.889760000000000000e+05 4.101510000000000000e+05 3.889790000000000000e+05 1.582250000000000000e+05 3.830470000000000000e+05 3.752340000000000000e+05 3.324320000000000000e+05 3.324340000000000000e+05 3.324350000000000000e+05 3.324370000000000000e+05 3.324380000000000000e+05 3.990460000000000000e+05 4.101710000000000000e+05 3.752360000000000000e+05 4.188610000000000000e+05 4.189550000000000000e+05 4.190070000000000000e+05 4.163930000000000000e+05 4.191260000000000000e+05 4.166780000000000000e+05 4.191630000000000000e+05
3.401480000000000000e+05 3.521040000000000000e+05 3.521050000000000000e+05 3.324450000000000000e+05 3.521070000000000000e+05 3.324460000000000000e+05 3.250690000000000000e+05 3.625180000000000000e+05 3.625200000000000000e+05 3.625210000000000000e+05 3.625230000000000000e+05 3.625250000000000000e+05 3.477830000000000000e+05 3.521300000000000000e+05 3.102970000000000000e+05 3.596030000000000000e+05 3.598080000000000000e+05 3.599260000000000000e+05 3.599960000000000000e+05 3.603190000000000000e+05 3.604200000000000000e+05 3.604390000000000000e+05
4.597460000000000000e+05 5.018820000000000000e+05 5.018830000000000000e+05 4.817720000000000000e+05 5.018850000000000000e+05 4.817740000000000000e+05 4.528020000000000000e+05 5.123960000000000000e+05 5.123980000000000000e+05 3.992830000000000000e+05 5.124000000000000000e+05 5.124020000000000000e+05 4.886040000000000000e+05 5.019110000000000000e+05 4.178040000000000000e+05 5.081130000000000000e+05 5.083060000000000000e+05 5.084240000000000000e+05 5.084920000000000000e+05 5.087970000000000000e+05 5.088950000000000000e+05 5.089140000000000000e+05
4.634680000000000000e+05 5.058430000000000000e+05 5.058440000000000000e+05 4.856170000000000000e+05 5.058460000000000000e+05 4.856190000000000000e+05 4.564990000000000000e+05 5.164400000000000000e+05 5.164420000000000000e+05 4.028190000000000000e+05 5.164440000000000000e+05 5.164460000000000000e+05 4.924630000000000000e+05 5.058720000000000000e+05 4.213580000000000000e+05 5.121190000000000000e+05 5.123120000000000000e+05 5.124300000000000000e+05 5.124980000000000000e+05 5.128030000000000000e+05 5.129010000000000000e+05 5.129200000000000000e+05
1.056640000000000000e+05 4.143250000000000000e+05 4.143260000000000000e+05 4.039290000000000000e+05 4.143290000000000000e+05 4.039310000000000000e+05 3.729330000000000000e+05 4.289520000000000000e+05 4.289540000000000000e+05 4.289550000000000000e+05 4.289570000000000000e+05 4.289590000000000000e+05 4.002410000000000000e+05 3.638100000000000000e+05 3.638120000000000000e+05 4.238290000000000000e+05 4.240340000000000000e+05 4.241520000000000000e+05 4.242220000000000000e+05 4.245450000000000000e+05 4.246410000000000000e+05 4.246600000000000000e+05
1.651780000000000000e+05 5.346840000000000000e+05 5.346850000000000000e+05 5.199060000000000000e+05 5.346880000000000000e+05 5.199070000000000000e+05 4.700990000000000000e+05 5.553800000000000000e+05 5.553820000000000000e+05 5.553830000000000000e+05 5.553850000000000000e+05 5.553860000000000000e+05 5.199270000000000000e+05 5.409750000000000000e+05 4.504230000000000000e+05 5.504670000000000000e+05 5.505670000000000000e+05 5.506200000000000000e+05 5.556920000000000000e+05 5.507460000000000000e+05 5.507910000000000000e+05 5.508000000000000000e+05
1.779160000000000000e+05 5.403880000000000000e+05 5.403890000000000000e+05 5.265510000000000000e+05 5.317050000000000000e+05 5.265530000000000000e+05 4.779420000000000000e+05 5.544090000000000000e+05 5.544110000000000000e+05 4.225450000000000000e+05 5.544130000000000000e+05 5.544140000000000000e+05 5.182460000000000000e+05 4.519450000000000000e+05 4.519470000000000000e+05 5.466150000000000000e+05 5.468200000000000000e+05 5.469380000000000000e+05 5.470080000000000000e+05 5.473310000000000000e+05 5.474300000000000000e+05 5.474490000000000000e+05
4.232370000000000000e+05 4.572500000000000000e+05 4.642380000000000000e+05 4.572520000000000000e+05 4.572530000000000000e+05 4.327820000000000000e+05 4.240920000000000000e+05 3.372290000000000000e+05 4.719870000000000000e+05 3.372310000000000000e+05 4.719880000000000000e+05 4.719890000000000000e+05 4.426320000000000000e+05 4.642570000000000000e+05 3.973940000000000000e+05 4.667230000000000000e+05 4.669160000000000000e+05 4.670100000000000000e+05 4.670760000000000000e+05 4.673840000000000000e+05 4.674760000000000000e+05 4.674950000000000000e+05
4.614840000000000000e+05 4.293810000000000000e+05 1.392140000000000000e+05 4.690580000000000000e+05 4.293820000000000000e+05 4.653930000000000000e+05 4.334390000000000000e+05 4.864780000000000000e+05 4.864800000000000000e+05 4.864810000000000000e+05 4.864830000000000000e+05 4.864850000000000000e+05 4.561400000000000000e+05 4.734570000000000000e+05 4.100100000000000000e+05 4.795110000000000000e+05 4.797060000000000000e+05 4.798240000000000000e+05 4.798920000000000000e+05 4.801970000000000000e+05 4.802950000000000000e+05 4.803140000000000000e+05
1.873510000000000000e+05 3.812550000000000000e+05 3.812560000000000000e+05 4.172120000000000000e+05 3.812590000000000000e+05 3.937900000000000000e+05 3.700680000000000000e+05 4.286260000000000000e+05 4.286280000000000000e+05 3.527080000000000000e+05 4.286300000000000000e+05 4.286320000000000000e+05 4.060220000000000000e+05 4.172190000000000000e+05 3.463390000000000000e+05 4.226620000000000000e+05 4.227780000000000000e+05 4.228430000000000000e+05 4.288910000000000000e+05 4.230320000000000000e+05 4.231080000000000000e+05 4.231270000000000000e+05
1.751770000000000000e+05 5.443310000000000000e+05 5.443320000000000000e+05 5.443340000000000000e+05 4.980690000000000000e+05 5.342520000000000000e+05 4.929870000000000000e+05 4.624300000000000000e+05 5.634540000000000000e+05 4.624320000000000000e+05 5.634550000000000000e+05 4.624340000000000000e+05 5.310430000000000000e+05 5.487660000000000000e+05 4.796510000000000000e+05 5.588990000000000000e+05 5.636450000000000000e+05 5.590190000000000000e+05 5.637740000000000000e+05 5.590960000000000000e+05 5.641010000000000000e+05 5.641200000000000000e+05
1.549670000000000000e+05 5.345040000000000000e+05 5.345050000000000000e+05 5.345060000000000000e+05 5.345080000000000000e+05 4.959350000000000000e+05 5.050660000000000000e+05 5.436950000000000000e+05 5.436970000000000000e+05 5.436980000000000000e+05 5.437000000000000000e+05 5.437020000000000000e+05 5.196440000000000000e+05 5.014390000000000000e+05 5.050690000000000000e+05 5.506120000000000000e+05 5.508140000000000000e+05 5.509320000000000000e+05 5.510020000000000000e+05 5.513110000000000000e+05 5.514100000000000000e+05 5.514290000000000000e+05
4.893990000000000000e+05 5.479470000000000000e+05 5.479480000000000000e+05 5.479500000000000000e+05 5.479520000000000000e+05 5.221620000000000000e+05 4.665790000000000000e+05 4.046460000000000000e+05 4.046480000000000000e+05 4.046490000000000000e+05 4.046510000000000000e+05 4.046530000000000000e+05 5.086280000000000000e+05 5.533710000000000000e+05 4.665820000000000000e+05 5.631840000000000000e+05 5.633850000000000000e+05 5.635030000000000000e+05 5.635730000000000000e+05 5.638720000000000000e+05 5.639670000000000000e+05 5.639860000000000000e+05
4.657130000000000000e+05 4.784070000000000000e+05 1.468650000000000000e+05 4.784080000000000000e+05 4.449700000000000000e+05 4.657170000000000000e+05 4.365060000000000000e+05 4.255260000000000000e+05 4.255280000000000000e+05 4.255290000000000000e+05 4.255310000000000000e+05 4.331400000000000000e+05 4.732430000000000000e+05 4.784380000000000000e+05 4.161890000000000000e+05 4.885130000000000000e+05 4.886330000000000000e+05 4.886950000000000000e+05 4.887440000000000000e+05 4.888490000000000000e+05 4.889290000000000000e+05 4.889510000000000000e+05
4.884080000000000000e+05 5.175570000000000000e+05 5.175580000000000000e+05 5.074850000000000000e+05 5.074870000000000000e+05 5.074890000000000000e+05 4.615980000000000000e+05 4.600070000000000000e+05 4.663190000000000000e+05 4.663200000000000000e+05 4.663220000000000000e+05 4.663240000000000000e+05 4.958690000000000000e+05 4.437620000000000000e+05 4.437640000000000000e+05 5.226350000000000000e+05 5.228150000000000000e+05 5.228930000000000000e+05 5.229630000000000000e+05 5.232800000000000000e+05 5.233690000000000000e+05 5.233880000000000000e+05
4.725850000000000000e+05 1.431470000000000000e+05 1.431480000000000000e+05 4.558960000000000000e+05 4.558980000000000000e+05 4.559000000000000000e+05 4.693450000000000000e+05 4.049530000000000000e+05 4.049550000000000000e+05 4.049560000000000000e+05 4.120770000000000000e+05 4.161790000000000000e+05 4.299580000000000000e+05 4.530890000000000000e+05 4.530910000000000000e+05 4.911510000000000000e+05 4.913560000000000000e+05 4.914740000000000000e+05 4.915440000000000000e+05 4.918670000000000000e+05 4.919590000000000000e+05 4.919780000000000000e+05
4.539080000000000000e+05 4.447320000000000000e+05 4.447330000000000000e+05 4.702940000000000000e+05 4.447340000000000000e+05 4.702970000000000000e+05 4.432930000000000000e+05 4.064030000000000000e+05 4.928030000000000000e+05 4.064050000000000000e+05 4.928040000000000000e+05 4.064070000000000000e+05 4.624120000000000000e+05 4.703210000000000000e+05 4.387200000000000000e+05 4.928640000000000000e+05 4.930410000000000000e+05 4.898330000000000000e+05 4.932050000000000000e+05 4.898780000000000000e+05 4.935750000000000000e+05 4.935940000000000000e+05
5.114410000000000000e+05 5.502320000000000000e+05 5.502340000000000000e+05 5.502350000000000000e+05 4.499920000000000000e+05 5.502380000000000000e+05 5.020550000000000000e+05 4.047210000000000000e+05 4.047230000000000000e+05 4.047240000000000000e+05 4.047260000000000000e+05 4.063630000000000000e+05 4.783940000000000000e+05 4.637270000000000000e+05 4.897920000000000000e+05 5.581210000000000000e+05 5.582120000000000000e+05 5.582640000000000000e+05 5.630080000000000000e+05 5.583890000000000000e+05 5.633010000000000000e+05 5.633200000000000000e+05
4.305630000000000000e+05 4.698090000000000000e+05 4.754700000000000000e+04 4.698110000000000000e+05 4.698130000000000000e+05 4.698150000000000000e+05 4.394840000000000000e+05 4.870530000000000000e+05 4.870550000000000000e+05 4.870560000000000000e+05 4.870580000000000000e+05 3.646280000000000000e+05 4.409570000000000000e+05 4.698680000000000000e+05 4.394850000000000000e+05 4.871530000000000000e+05 4.873180000000000000e+05 4.827860000000000000e+05 4.874630000000000000e+05 4.828490000000000000e+05 4.878690000000000000e+05 4.879030000000000000e+05
5.383620000000000000e+05 5.223500000000000000e+05 5.223520000000000000e+05 5.223540000000000000e+05 5.223560000000000000e+05 5.223580000000000000e+05 5.065740000000000000e+05 4.569110000000000000e+05 4.569130000000000000e+05 4.569140000000000000e+05 4.569160000000000000e+05 4.569180000000000000e+05 5.502010000000000000e+05 5.587900000000000000e+05 4.800570000000000000e+05 4.570140000000000000e+05 4.571690000000000000e+05 5.664540000000000000e+05 4.573210000000000000e+05 5.665220000000000000e+05 4.577320000000000000e+05 4.577670000000000000e+05
1.182850000000000000e+05 4.854720000000000000e+05 9.036200000000000000e+04 4.854750000000000000e+05 4.935260000000000000e+05 4.854780000000000000e+05 5.017820000000000000e+05 5.342510000000000000e+05 5.342530000000000000e+05 5.342540000000000000e+05 5.342560000000000000e+05 4.333050000000000000e+05 5.224390000000000000e+05 5.290480000000000000e+05 4.729070000000000000e+05 5.343350000000000000e+05 5.345030000000000000e+05 5.313070000000000000e+05 5.346580000000000000e+05 5.313680000000000000e+05 5.350440000000000000e+05 5.350630000000000000e+05
1.290560000000000000e+05 5.049580000000000000e+05 5.049600000000000000e+05 5.049620000000000000e+05 5.049640000000000000e+05 5.049660000000000000e+05 5.089500000000000000e+05 4.602940000000000000e+05 5.546150000000000000e+05 4.602960000000000000e+05 5.615730000000000000e+05 4.602980000000000000e+05 5.365190000000000000e+05 5.414720000000000000e+05 4.954870000000000000e+05 5.546620000000000000e+05 5.548670000000000000e+05 5.549850000000000000e+05 5.550550000000000000e+05 5.553780000000000000e+05 5.554710000000000000e+05 5.554900000000000000e+05
5.225180000000000000e+05 5.426260000000000000e+05 5.426280000000000000e+05 5.426300000000000000e+05 5.426310000000000000e+05 5.374080000000000000e+05 5.130480000000000000e+05 4.463180000000000000e+05 5.569140000000000000e+05 4.463200000000000000e+05 5.569150000000000000e+05 4.277720000000000000e+05 5.340640000000000000e+05 5.426810000000000000e+05 4.870420000000000000e+05 5.488410000000000000e+05 5.570930000000000000e+05 5.489680000000000000e+05 5.572190000000000000e+05 5.490640000000000000e+05 5.575600000000000000e+05 5.575880000000000000e+05
5.545630000000000000e+05 1.619510000000000000e+05 1.619520000000000000e+05 5.201070000000000000e+05 5.201090000000000000e+05 5.201110000000000000e+05 4.946670000000000000e+05 4.858020000000000000e+05 4.858040000000000000e+05 4.858050000000000000e+05 4.858070000000000000e+05 4.957560000000000000e+05 5.606910000000000000e+05 5.637600000000000000e+05 4.891340000000000000e+05 4.958080000000000000e+05 4.860240000000000000e+05 4.959340000000000000e+05 4.861540000000000000e+05 4.960250000000000000e+05 4.865530000000000000e+05 4.865960000000000000e+05
4.336240000000000000e+05 1.196170000000000000e+05 1.196180000000000000e+05 4.511740000000000000e+05 4.511750000000000000e+05 4.232220000000000000e+05 4.183320000000000000e+05 4.094610000000000000e+05 4.625810000000000000e+05 3.911560000000000000e+05 4.625820000000000000e+05 4.625840000000000000e+05 4.447480000000000000e+05 4.512210000000000000e+05 4.001590000000000000e+05 4.626760000000000000e+05 4.628780000000000000e+05 4.629960000000000000e+05 4.630660000000000000e+05 4.633740000000000000e+05 4.634780000000000000e+05 4.634970000000000000e+05
