2.350053155838499919e+01
2.299999662410899859e+01
2.199999842764999869e+01
2.099999707753600120e+01
1.999999983847499863e+01
1.949999936209099971e+01
1.899999993110600016e+01
1.843156078987999891e+01
1.814756996807900080e+01
1.791045263852599945e+01
1.744872042520900024e+01
1.712468293976199973e+01
1.697770737092400140e+01
1.593965352955700077e+01
1.590118091364199948e+01
1.580594626978800044e+01
1.570272301865800024e+01
1.560187825651200022e+01
1.550084160997699989e+01
1.540399759919599987e+01
1.529804312245700082e+01
1.520068139021000064e+01
1.510093553018499968e+01
