3.957310985018985346e+06 5.426913627884821966e+06 1.251950517599071562e+07
4.184921827508674469e+06 5.464866283526721410e+06 1.256424521162489243e+07
4.346888104319886304e+06 5.380237835151651874e+06 1.221750994231094979e+07
4.943591805049395189e+06 1.231174884162532166e+06 1.243707404166663811e+07
5.043151998439740390e+06 1.141002499865990132e+06 1.233337986224783398e+07
4.199492165789852850e+06 5.518422356732585467e+06 1.264428664480660483e+07
4.367741248700041324e+06 5.713069913218715228e+06 1.274066219211493991e+07
4.337818623968809843e+06 5.645726366363451816e+06 1.245644339872729406e+07
4.334330432039240375e+06 5.396999580787721090e+06 1.226535555572125688e+07
4.328146272652139887e+06 5.414870211401253939e+06 1.230826811639757082e+07
4.140638838775454555e+06 5.554976923016926274e+06 1.282132139438004978e+07
4.271531623089826666e+06 5.636949409324274398e+06 1.265489375790308230e+07
4.285568340969302692e+06 5.597644810915474780e+06 1.268961497502738610e+07
4.297850879294849932e+06 5.579551406563857570e+06 1.266246611074441671e+07
4.102493205177038442e+06 5.319993106234072708e+06 1.254093640262139961e+07
4.362900788341452368e+06 5.745725317267643288e+06 1.275192374684954993e+07
4.295973209059662186e+06 5.590781249441285618e+06 1.266714591410992853e+07
4.241060797145411372e+06 5.521401215674629435e+06 1.272798845952000655e+07
4.297271789505184628e+06 5.610813003385047428e+06 1.270212578838369623e+07
4.391995765205573291e+06 5.616400678052213974e+06 1.235213791604819708e+07
4.377717884668699466e+06 5.624480682227196172e+06 1.238110660615407303e+07
4.373234598013081588e+06 5.595901585852005519e+06 1.231111972811124846e+07
4.326174214622201398e+06 5.657841244552446529e+06 1.242262976686062664e+07
4.331743363585555926e+06 5.646225555542184040e+06 1.239480932940346189e+07
4.268369247376078740e+06 5.717043273141222075e+06 1.272894914657071419e+07
4.108239199562365189e+06 5.328475942773129791e+06 1.252699611932168342e+07
4.289132163825380616e+06 5.734728931926141493e+06 1.273208858945297636e+07
4.279850330001636408e+06 5.757306254545801319e+06 1.269069119092262536e+07
4.281987274888111278e+06 5.749290075809990987e+06 1.267939037262040004e+07
4.238213975178569555e+06 5.646492572455056943e+06 1.268357734454870597e+07
4.259095003049526364e+06 5.729996025942824781e+06 1.272783937913223170e+07
4.258711669317766093e+06 5.727804767471298575e+06 1.273518812177449465e+07
4.266316355428215116e+06 5.797228737728685141e+06 1.264285447123617306e+07
4.317953735128242522e+06 5.632355651059009135e+06 1.235312259358877502e+07
4.363417718525063246e+06 5.554443798993317410e+06 1.233366686700207926e+07
4.407324140029653907e+06 5.540359980638507754e+06 1.223015747289518453e+07
4.201752174217107706e+06 5.490189983110104688e+06 1.257305960638710670e+07
4.369954280408951454e+06 5.982480935532606207e+06 1.268546021786580980e+07
4.291848362823882140e+06 5.776276878137944266e+06 1.252002283418506943e+07
4.184945451992444228e+06 5.789604183091636747e+06 1.255882581304447725e+07
4.248675902625812218e+06 6.011343009449819103e+06 1.272083059562827647e+07
4.341157000125135295e+06 5.584539978081784211e+06 1.227820040674509294e+07
4.348942046385847963e+06 5.565716482464563102e+06 1.222294525415967591e+07
4.325411896500050090e+06 5.580715625546450727e+06 1.217844099716394208e+07
4.354749365447948687e+06 5.549062366251424886e+06 1.221543669397843070e+07
4.388438264074674807e+06 5.517759031453922391e+06 1.209357784207518585e+07
4.446121918704849668e+06 6.093824383229319006e+06 1.299475964192138240e+07
4.216595461703642271e+06 5.484583995033577085e+06 1.261022456631555967e+07
4.446879416748568416e+06 6.068302310190900229e+06 1.300109551752919704e+07
4.335777399117000401e+06 5.871256197410503402e+06 1.297814657258062996e+07
4.453391182283312082e+06 6.077390671317258850e+06 1.304102808421937935e+07
4.267988458850612864e+06 5.792267996838228777e+06 1.289265146287946030e+07
4.265231617681694217e+06 5.784144525091733783e+06 1.296241992720840126e+07
4.131669916947971098e+06 5.534810135404356755e+06 1.281796057515151612e+07
4.139485622343495023e+06 5.866342918542175554e+06 1.303516676859925315e+07
4.091688027461778373e+06 5.967442074544084258e+06 1.304596324089692906e+07
4.089345723431658931e+06 6.033568033646208234e+06 1.314937120794874430e+07
4.126306463184512220e+06 6.138693674264156260e+06 1.328280447226771154e+07
4.139903878190209623e+06 5.317016877488400787e+06 1.256178552361015417e+07
4.120436215209579095e+06 6.183974484501371160e+06 1.330509089180306345e+07
4.110888109053066932e+06 6.100549658052509651e+06 1.330300558825208247e+07
4.215327865968125872e+06 6.544353001491458155e+06 1.361041756862834096e+07
4.067955332293292042e+06 6.308379746951935813e+06 1.349446637291076593e+07
3.908602338933932595e+06 6.278765968058237806e+06 1.345571660711711086e+07
3.932470171297445428e+06 6.218321616796963848e+06 1.340674095361014828e+07
3.791014671598587651e+06 6.136611297387246042e+06 1.328122293975717388e+07
3.823448256929262076e+06 6.412118914151224308e+06 1.346162099546269886e+07
3.916446466987756547e+06 6.430977893992868252e+06 1.348952831203942187e+07
3.659189496253191028e+06 6.546983901327226311e+06 1.350930245521130785e+07
4.345709765286864713e+06 5.388911454390164465e+06 1.212340466216561943e+07
3.793660015500084031e+06 6.560004659679233097e+06 1.354124981875621900e+07
3.941465798529707361e+06 6.893072203874296509e+06 1.372921614913381450e+07
3.909493386138673406e+06 6.929068836116536520e+06 1.366388318300946988e+07
5.167896053508575074e+06 9.710199626189856790e+05 1.240357607698735222e+07
5.183399071884767152e+06 8.831323330248699058e+05 1.234682577091009170e+07
5.157060318105568178e+06 8.796184055360460188e+05 1.236120100807133317e+07
5.183492097210128792e+06 8.891765367652764544e+05 1.232258166420650855e+07
5.160408866715982556e+06 8.343208757610465400e+05 1.239731183418043703e+07
5.030471438909345306e+06 1.271852448069865117e+06 1.190867811323194392e+07
5.056367489676442929e+06 1.277726402729345718e+06 1.221660028824671730e+07
4.193398776650047395e+06 5.483862559066371992e+06 1.255121902432541177e+07
5.059849593736395240e+06 1.268001163053062977e+06 1.221238778149617650e+07
5.075829622178656980e+06 1.209880163615223253e+06 1.205978231982838921e+07
5.036120081470364705e+06 1.161619048695907462e+06 1.239061189907788299e+07
5.113451004487921484e+06 1.069852342363384087e+06 1.243102672578649968e+07
5.129445737090984359e+06 9.995746000362051418e+05 1.237921641037373245e+07
5.081257887005380355e+06 1.046950132902762154e+06 1.234848014053205587e+07
5.173675191361407749e+06 7.669477896727296757e+05 1.241900526958632655e+07
5.003578000829564407e+06 1.166237786105084233e+06 1.243281333460934088e+07
4.992785785042781383e+06 1.167656682575062849e+06 1.242246084913019463e+07
5.054303126735392027e+06 1.111475107770493953e+06 1.244403318536862731e+07
4.345526018267393112e+06 5.405534127316899598e+06 1.221818355337654613e+07
5.066017834609705955e+06 1.023794222796135931e+06 1.240472626090718247e+07
5.016283133595161140e+06 1.079079527141308878e+06 1.245321632429840416e+07
5.077836643678949215e+06 1.008982096399964183e+06 1.243212221269269660e+07
5.062957471857533790e+06 1.016189827177342260e+06 1.243431410529083759e+07
5.041673446649825200e+06 1.091220960192525294e+06 1.248911327878026664e+07
5.145675423763106577e+06 9.556894013692098670e+05 1.242827454766855203e+07
5.094114368645367213e+06 1.039150410152497818e+06 1.251501137348105758e+07
5.137215119422731921e+06 8.855650114708431065e+05 1.243724073804782704e+07
5.142701143946792930e+06 9.116629009265588829e+05 1.245168243897375837e+07
4.946526110261711292e+06 1.202221674495759886e+06 1.243735774248664081e+07
