4.739746140000000000e+08
4.739747610000000000e+08
4.739748360000000000e+08
4.739752840000000000e+08
4.739752860000000000e+08
4.739755240000000000e+08
4.739760540000000000e+08
4.739770750000000000e+08
4.739774620000000000e+08
4.739781640000000000e+08
4.739781750000000000e+08
4.739781790000000000e+08
4.739808070000000000e+08
4.739808420000000000e+08
4.739808920000000000e+08
4.743310660000000000e+08
4.743323470000000000e+08
4.743337880000000000e+08
4.743350070000000000e+08
4.743355180000000000e+08
4.745174180000000000e+08
4.745537170000000000e+08
